,quant,HS_avg,logical,english,domain
0,510,67.7,445,350,0.557389505646088
1,545,96.04,395,440,0.493596387301038
2,620,77.69999999999999,620,405,0.376059586651545
3,415,67.73,375,475,0.342314899911815
4,495,82.5,535,635,0.864685413370085
5,445,76.0,545,505,0.884122511593735
6,325,74.83,520,605,0.338786347219528
7,180,67.485,415,370,0.488347976782714
8,415,78.7,585,365,0.600057182338341
9,565,62.28,505,575,0.819416529835888
10,500,81.0,340,415,0.824666400671332
11,495,59.05,335,355,0.635978756456794
12,475,72.775,425,325,0.783303536670298
13,505,70.0,445,615,0.600057182338341
14,655,67.9,415,585,0.694479327708463
15,760,76.11500000000001,630,350,0.144789889482462
16,355,77.5,520,630,0.842248322257836
17,370,57.0,410,325,0.328746378624932
18,345,62.415,570,440,0.144789889482462
19,375,85.6,525,445,0.538386892985096
20,535,84.4,425,515,0.958682016566051
21,485,79.69,580,630,0.436962648056859
22,590,91.5,555,545,0.829584599793067
23,355,60.0,425,355,0.694479327708463
24,705,85.4,555,325,0.635978756456794
25,440,84.4,555,415,0.144789889482462
26,430,74.5,520,335,0.535862819499896
27,525,74.75,365,305,0.824666400671332
28,675,83.86500000000001,595,555,0.960903087163164
29,525,84.0,495,570,0.0531603052826837
30,605,89.43,565,595,0.974396112538398
31,215,89.15,495,515,-1.0
32,535,57.0,325,355,0.377551419424541
33,415,77.5,500,415,0.622642915849938
34,595,79.05,485,535,0.493596387301038
35,525,68.8,505,395,0.783303536670298
36,445,73.5,445,505,0.694479327708463
37,554,60.5,464,495,0.824666400671332
38,365,70.0,385,485,0.635978756456794
39,375,83.61500000000001,515,365,0.884122511593735
40,415,84.9,460,520,0.377551419424541
41,315,77.15,365,255,0.0422231310972419
42,675,75.1,475,445,0.945134855960355
43,560,73.1,500,625,0.758379883023504
44,405,70.0,400,720,0.600643959446608
45,605,72.45,615,505,0.864685413370085
46,485,83.35,385,545,0.600057182338341
47,620,87.5,570,520,0.953899775079926
48,355,61.0,460,360,0.450876584483451
49,235,73.0,485,625,0.842248322257836
50,585,77.15,505,500,0.622642915849938
51,260,62.0,480,360,0.112139438207403
52,405,83.3,325,435,0.694479327708463
53,440,72.35,340,350,-1.0
54,635,89.3,570,605,0.837620725714257
55,575,74.0,400,360,0.276047228046856
56,560,63.065,475,530,0.525922584252055
57,500,90.3,510,875,0.744758354008939
58,330,67.85,410,465,0.356536487724475
59,705,87.4,525,590,0.661834475840071
60,720,87.75,670,765,0.842248322257836
61,655,69.0,455,505,0.985461394326131
62,495,65.0,515,495,0.450876584483451
63,535,77.0,445,545,-1.0
64,440,80.2,555,415,0.308400582860308
65,825,78.6,655,520,0.765673581234011
66,320,70.0,455,430,0.112139438207403
67,525,93.3,495,505,0.735795709224656
68,595,82.80000000000001,565,415,0.704090412131314
69,475,73.0,485,275,0.338786347219528
70,560,69.4,640,360,0.911395278391328
71,695,72.9,555,530,0.910770164246022
72,780,91.1,655,730,0.679644640924472
73,570,89.675,540,630,0.605533552346783
74,635,92.62,645,455,0.819416529835888
75,560,60.1,610,545,-1.0
76,445,71.0,535,545,0.990008756723898
77,595,66.4,580,525,0.819416529835888
78,554,61.6,415,440,0.793580614548506
79,650,54.915,450,335,0.843123726665742
80,535,83.5,465,565,0.635978756456794
81,615,72.5,515,465,0.819416529835888
82,530,87.5,375,430,0.986525019020638
83,485,89.8,510,545,0.993917312137124
84,625,90.33,575,495,0.98374996654107
85,400,74.3,450,500,0.493596387301038
86,400,79.69999999999999,555,520,0.622642915849938
87,400,72.5,465,485,0.765673581234011
88,620,85.02000000000001,435,525,0.486747008438193
89,390,75.5,545,580,0.207392169717661
90,270,79.15,425,465,0.744758354008939
91,445,54.5,505,505,0.190153405601018
92,500,89.72,545,745,0.881620069530177
93,590,76.425,450,720,0.864685413370085
94,444,76.905,685,535,0.486747008438193
95,695,86.5,520,615,0.864685413370085
96,715,69.65,555,505,0.953899775079926
97,465,80.0,530,615,-1.0
98,570,74.8,435,385,0.943272157866555
99,595,90.25,540,420,0.112139438207403
100,395,88.5,465,515,0.735795709224656
101,445,67.5,545,495,0.864685413370085
102,605,76.6,530,545,0.622642915849938
103,485,76.6,535,695,0.622642915849938
104,554,84.85,445,415,0.450876584483451
105,525,89.4,465,435,0.670743151433127
106,565,80.6,435,455,0.864685413370085
107,195,52.995,325,445,0.488347976782714
108,400,69.0,475,510,0.298769128563994
109,485,76.95,415,465,-1.0
110,225,74.5,460,395,0.486747008438193
111,575,71.6,435,395,0.735795709224656
112,400,63.9,350,275,0.163630926631106
113,620,77.7,525,485,0.953899775079926
114,535,91.4,465,425,0.538386892985096
115,400,67.0,560,545,0.130441735719574
116,460,67.5,545,380,0.356536487724475
117,470,77.06,410,370,0.298769128563994
118,750,73.935,560,605,0.979521744319216
119,445,65.0,475,495,0.538386892985096
120,695,67.15,665,655,0.99526570569548
121,445,63.0,485,415,0.765673581234011
122,485,69.5,480,510,-1.0
123,625,71.89,655,585,0.824666400671332
124,310,56.925,420,265,0.144789889482462
125,355,87.58,425,605,0.670743151433127
126,545,61.5,560,440,0.793580614548506
127,455,65.75,355,415,0.245455659999829
128,415,72.75,355,305,0.229481754911755
129,435,67.0,445,425,0.704090412131314
130,620,62.900000000000006,565,630,0.842248322257836
131,720,85.6,585,730,0.557389505646088
132,560,87.8,555,590,0.486747008438193
133,655,93.165,555,515,0.124502074009537
134,530,55.6,555,535,0.783303536670298
135,595,78.875,475,445,0.793580614548506
136,720,91.3,655,605,0.635978756456794
137,485,81.5,515,534,0.765673581234011
138,400,79.5,520,520,0.488347976782714
139,630,89.0,555,625,0.356536487724475
140,605,76.0,535,685,0.356536487724475
141,570,84.5,540,535,0.911395278391328
142,554,83.5,555,685,0.824666400671332
143,615,77.4,505,535,0.694479327708463
144,450,71.495,510,560,-1.0
145,445,87.0,395,305,0.824666400671332
146,585,83.69999999999999,595,805,0.144789889482462
147,500,57.33,350,545,0.450876584483451
148,465,86.5,425,505,0.538386892985096
149,335,72.0,385,575,0.538386892985096
150,535,86.2,555,430,0.943272157866555
151,375,61.0,295,505,-1.0
152,400,73.5,350,615,0.535862819499896
153,505,65.7,505,495,0.124502074009537
154,345,66.7,355,385,0.342314899911815
155,575,64.135,440,310,0.635978756456794
156,470,67.63499999999999,570,430,0.356536487724475
157,445,77.83,510,555,0.0587928000083534
158,705,79.4,610,520,0.952245572924303
159,385,76.5,445,445,0.985461394326131
160,500,85.0,390,380,0.649389714846691
161,545,71.0,570,710,-1.0
162,454,81.765,404,605,0.824666400671332
163,330,79.45,485,465,0.868736585485218
164,415,67.85,530,420,0.486747008438193
165,795,69.965,670,465,0.486747008438193
166,454,79.35,485,345,0.450876584483451
167,705,76.5,585,535,0.979521744319216
168,595,86.38499999999999,435,415,0.694479327708463
169,695,86.0,610,730,0.976292560913216
170,385,61.5,305,250,0.10487135986097
171,635,83.85499999999999,375,485,0.356536487724475
172,135,61.96,410,440,0.253028370715546
173,605,65.685,595,510,0.911395278391328
174,445,86.65,655,545,0.338786347219528
175,505,69.0,580,455,0.649389714846691
176,445,71.0,575,455,0.600057182338341
177,605,91.405,520,475,0.243208656725607
178,645,88.19999999999999,715,625,0.99405087195167
179,545,56.65,525,370,0.960903087163164
180,415,84.5,535,450,0.525922584252055
181,590,85.775,520,510,0.837620725714257
182,675,77.065,615,475,0.864685413370085
183,335,57.0,285,335,0.413838255788123
184,455,73.5,635,415,0.793580614548506
185,505,72.6,555,515,0.635978756456794
186,615,60.715,455,454,0.538386892985096
187,470,73.5,585,555,0.486747008438193
188,450,73.59,530,535,-1.0
189,385,71.36,274,465,0.165633091512476
190,525,81.0,425,445,0.0081547752353218
191,340,65.0,385,300,0.190153405601018
192,445,57.0,365,345,0.538386892985096
193,665,94.25,595,675,0.979521744319216
194,620,75.94999999999999,570,605,0.338786347219528
195,445,83.0,605,510,0.563267823666597
196,690,80.19999999999999,570,665,0.842248322257836
197,575,80.0,495,395,0.991397583740291
198,325,86.8,375,370,0.356536487724475
199,455,79.00999999999999,445,455,0.229481754911755
200,630,76.4,640,535,0.338786347219528
201,260,67.075,480,535,0.622642915849938
202,665,69.7,580,500,0.765673581234011
203,320,75.5,445,490,0.744758354008939
204,464,80.0,395,685,0.563267823666597
205,465,78.0,460,770,0.995464718630865
206,625,83.65,515,454,0.308400582860308
207,365,71.8,345,425,0.342314899911815
208,605,79.35,665,455,0.881620069530177
209,735,89.185,605,555,0.765673581234011
210,295,49.370000000000005,375,310,-1.0
211,440,75.15,505,560,0.423951396376433
212,545,74.3,515,475,0.600057182338341
213,595,74.6,485,545,0.974396112538398
214,575,74.8,435,445,0.538386892985096
215,525,89.5,605,445,0.298769128563994
216,320,78.25,410,475,0.622642915849938
217,585,82.0,625,525,0.635978756456794
218,210,73.47999999999999,240,350,0.112139438207403
219,680,70.2,470,650,0.998876108102859
220,680,87.5,670,545,0.842248322257836
221,620,69.3,535,520,0.376059586651545
222,370,67.08500000000001,470,510,0.525922584252055
223,595,85.5,425,490,0.459015840492937
224,415,71.3,485,445,0.910770164246022
225,545,81.35,580,650,-1.0
226,355,61.8,385,455,0.190153405601018
227,495,78.4,445,515,0.793580614548506
228,445,67.6,585,395,0.356536487724475
229,650,93.6,640,710,0.486747008438193
230,590,72.0,535,640,0.953899775079926
231,435,62.1,505,375,0.342314899911815
232,515,65.5,355,465,0.356536487724475
233,620,94.65,650,650,0.999829171678571
234,455,85.87,415,475,0.824666400671332
235,535,85.145,575,475,0.525922584252055
236,585,80.05,385,405,0.635978756456794
237,505,93.18,404,485,0.824666400671332
238,650,88.7,545,570,0.670743151433127
239,440,52.75,435,475,0.622642915849938
240,545,73.5,560,285,0.819416529835888
241,500,75.30000000000001,595,665,0.943272157866555
242,635,65.2,505,435,0.535862819499896
243,575,86.61500000000001,295,325,0.694479327708463
244,530,71.0,580,485,0.670743151433127
245,605,82.85,465,535,0.538386892985096
246,560,90.45,440,650,0.824666400671332
247,575,75.0,580,580,0.486747008438193
248,635,92.0,450,360,0.376059586651545
249,750,88.61500000000001,620,685,0.910770164246022
250,405,77.5,530,525,0.338786347219528
251,375,57.98,505,510,0.0800552813405495
252,385,82.38499999999999,425,500,0.704090412131314
253,690,82.5,410,405,0.356536487724475
254,385,69.425,460,250,0.23780283983757
255,645,85.4,575,425,-1.0
256,625,58.5,625,465,0.670743151433127
257,500,61.1,495,310,0.694479327708463
258,590,71.095,555,590,0.990008756723898
259,365,78.75,395,405,0.143256541032196
260,310,72.0,365,180,0.0745462652358558
261,405,81.5,485,395,0.124502074009537
262,500,55.900000000000006,520,380,0.824666400671332
263,415,62.0,395,475,0.190153405601018
264,454,59.6,385,365,0.765673581234011
265,545,93.06,480,455,0.338786347219528
266,405,84.35,665,625,0.538386892985096
267,355,67.5,455,615,0.486747008438193
268,345,66.6,335,345,0.190153405601018
269,554,96.1,595,455,0.376059586651545
270,684,80.63,635,565,0.77657832422745
271,605,70.7,530,560,0.911395278391328
272,665,67.3,580,630,0.744758354008939
273,535,78.19999999999999,495,430,0.670743151433127
274,565,86.205,585,595,0.960603251997053
275,415,83.0,305,310,0.661834475840071
276,535,69.0,540,560,0.23780283983757
277,585,74.5,495,445,0.793580614548506
278,625,90.5,615,544,0.694479327708463
279,440,77.94999999999999,495,595,0.622642915849938
280,405,59.5,425,405,-1.0
281,575,72.0,495,450,0.486747008438193
282,520,85.44999999999999,485,455,-1.0
283,455,62.5,535,580,0.884122511593735
284,655,81.2,485,445,0.450876584483451
285,475,72.1,505,475,0.553216382065876
286,655,85.7,520,755,0.0622212912369296
287,515,72.5,545,450,0.998876108102859
288,525,86.5,465,425,0.819416529835888
289,680,79.25,525,615,0.376059586651545
290,510,87.765,565,580,0.112139438207403
291,605,79.25,590,535,0.338786347219528
292,735,73.4,585,475,0.376059586651545
293,635,77.69999999999999,415,535,0.960603251997053
294,415,74.0,340,430,0.744758354008939
295,535,85.0,475,415,0.229481754911755
296,470,62.0,375,440,0.459015840492937
297,470,71.5,570,545,0.207392169717661
298,535,69.42,495,505,0.968237495890543
299,355,65.0,390,465,0.356536487724475
300,465,62.5,505,455,0.884122511593735
301,415,75.925,460,630,0.622642915849938
302,460,81.6,425,395,0.783303536670298
303,445,68.5,445,375,0.0233121682429863
304,645,83.9,565,685,0.953899775079926
305,525,67.0,460,545,0.338786347219528
306,625,67.1,565,515,0.600057182338341
307,485,73.9,450,590,0.960603251997053
308,445,92.84,580,380,0.694479327708463
309,450,72.645,435,430,0.953899775079926
310,615,95.0,690,665,-1.0
311,615,79.2,525,545,0.444617716881577
312,450,82.69999999999999,505,735,0.279258511565122
313,684,85.0,495,355,0.916869961103619
314,620,77.5,415,380,0.338786347219528
315,445,65.5,435,505,0.525922584252055
316,530,73.1,525,535,0.735795709224656
317,295,71.5,345,315,0.376059586651545
318,425,77.265,345,385,0.229481754911755
319,295,70.545,375,500,0.694479327708463
320,545,81.0,435,325,0.842248322257836
321,684,93.45,475,595,0.916869961103619
322,385,62.0,510,475,0.486747008438193
323,530,88.765,415,465,0.563267823666597
324,285,67.82,455,444,0.377551419424541
325,325,71.5,525,345,0.371138665635061
326,375,72.31,435,515,0.377551419424541
327,645,61.6,425,495,0.538386892985096
328,665,77.5,545,500,0.842248322257836
329,515,76.5,500,545,0.563267823666597
330,450,65.22999999999999,350,430,0.486747008438193
331,510,66.0,360,500,0.356536487724475
332,370,59.0,425,360,0.23780283983757
333,720,62.365,500,370,0.735795709224656
334,545,75.4,455,575,0.635978756456794
335,345,88.33,465,495,0.563267823666597
336,650,91.52,485,605,0.911395278391328
337,405,81.69999999999999,315,485,0.488347976782714
338,565,75.2,515,425,0.622642915849938
339,554,78.72999999999999,555,545,0.99405087195167
340,680,90.6,655,720,0.654107474545933
341,415,76.0,435,465,0.413838255788123
342,425,72.0,245,495,0.376059586651545
343,735,91.0,610,520,0.0587928000083534
344,515,65.545,405,395,0.700826161753383
345,390,79.4,510,535,0.207392169717661
346,470,67.5,465,450,0.881620069530177
347,340,76.595,460,370,0.538386892985096
348,365,61.0,485,475,0.10487135986097
349,525,69.5,395,385,0.824666400671332
350,524,79.86500000000001,525,365,0.735795709224656
351,545,66.69999999999999,465,485,-1.0
352,410,63.9,485,335,0.0531603052826837
353,535,84.315,545,625,0.842248322257836
354,475,72.8,520,370,-1.0
355,475,87.0,335,345,0.23780283983757
356,705,88.225,555,580,-1.0
357,570,86.325,620,755,-1.0
358,545,72.4,605,630,0.486747008438193
359,345,81.5,335,435,-1.0
360,575,68.5,475,464,0.960903087163164
361,485,74.0,365,305,0.229481754911755
362,515,92.6,515,475,0.538386892985096
363,680,84.9,415,615,0.338786347219528
364,250,72.19999999999999,410,510,0.622642915849938
365,445,65.28,445,404,0.276047228046856
366,615,90.7,495,454,0.600057182338341
367,565,89.72999999999999,515,625,0.538386892985096
368,590,67.0,510,395,0.661834475840071
369,485,76.0,630,675,0.207392169717661
370,530,79.4,460,475,0.744758354008939
371,380,69.5,370,370,0.23780283983757
372,250,61.5,280,370,0.356536487724475
373,435,72.0,554,545,0.486747008438193
374,535,69.6,530,500,-1.0
375,620,71.2,630,555,0.765673581234011
376,570,76.7,520,665,0.991230625262871
377,615,74.30000000000001,575,505,0.735795709224656
378,330,62.0,410,385,0.0800552813405495
379,515,71.8,545,640,0.824666400671332
380,575,83.55,495,500,0.758379883023504
381,445,74.0,485,505,0.538386892985096
382,445,78.75,520,570,0.538386892985096
383,595,92.2,525,505,0.124502074009537
384,435,61.5,415,475,0.486747008438193
385,570,62.0,565,360,0.911395278391328
386,575,81.24000000000001,490,695,0.819416529835888
387,455,63.1,440,500,0.694479327708463
388,620,52.1,425,335,0.783303536670298
389,445,90.55,495,475,0.930370607202691
390,355,76.0,465,755,0.245455659999829
391,465,64.5,435,495,0.968237495890543
392,575,57.44,495,485,0.819416529835888
393,355,64.5,305,520,0.0409993103614119
394,605,80.6,590,370,0.991230625262871
395,585,72.2,545,580,0.744758354008939
396,595,85.85,605,645,0.901489571371033
397,650,83.0,620,545,0.953899775079926
398,485,71.4,410,465,0.744758354008939
399,495,55.0,635,395,0.704090412131314
400,575,85.6,510,450,0.622642915849938
401,545,81.0,505,554,0.229481754911755
402,615,82.6,495,505,0.538386892985096
403,535,74.0,605,525,0.538386892985096
404,340,73.3,510,580,0.953899775079926
405,505,80.7,445,425,0.881620069530177
406,515,59.5,645,485,0.765673581234011
407,720,79.0,525,450,0.243208656725607
408,310,68.6,460,370,0.622642915849938
409,500,60.45,470,430,0.299597296248525
410,655,80.1,525,565,0.714529363243447
411,295,56.0,270,395,-1.0
412,515,64.9,495,465,0.563267823666597
413,395,75.55,255,345,0.0587928000083534
414,315,69.71000000000001,415,365,0.376059586651545
415,395,62.3,375,435,0.245455659999829
416,635,74.1,625,685,0.842248322257836
417,445,80.67,475,464,0.735795709224656
418,415,74.5,570,465,0.356536487724475
419,555,74.7,235,445,0.694479327708463
420,415,70.57,325,515,0.985461394326131
421,545,89.1,570,500,0.884122511593735
422,605,79.66499999999999,520,595,0.649389714846691
423,675,81.4,595,585,0.884122511593735
424,285,62.665,485,485,-1.0
425,505,68.895,410,475,0.978799292641428
426,565,86.475,425,325,-1.0
427,545,84.1,535,640,0.557389505646088
428,415,90.265,470,325,0.0305659911389536
429,635,84.0,684,455,0.974396112538398
430,595,89.5,425,535,0.229481754911755
431,605,80.8,555,485,0.414337426422751
432,415,82.28,475,535,0.0587928000083534
433,465,61.25,540,465,0.112139438207403
434,665,82.925,680,440,0.493596387301038
435,575,65.0,465,645,0.525922584252055
436,740,86.30000000000001,640,755,0.998876108102859
437,515,62.5,510,380,0.635978756456794
438,765,77.5,535,475,0.338786347219528
439,505,68.75,485,545,0.229481754911755
440,475,79.95,425,375,0.538386892985096
441,265,51.5,390,510,0.21678548596901
442,440,79.3,540,640,0.423951396376433
443,560,85.765,530,510,0.911395278391328
444,530,86.5,545,580,0.755375120895548
445,450,83.6,495,545,0.911395278391328
446,375,86.0,375,565,0.414337426422751
447,625,78.30000000000001,595,495,0.911395278391328
448,380,71.85,340,535,0.299597296248525
449,390,70.0,470,490,0.600057182338341
450,425,59.5,555,515,0.600057182338341
451,595,76.44,465,385,0.824666400671332
452,445,54.0,495,415,0.864685413370085
453,430,74.28999999999999,520,490,0.744758354008939
454,560,83.5,630,615,0.842248322257836
455,650,68.9,535,615,0.819416529835888
456,400,53.43,470,345,0.486747008438193
457,545,82.7,345,515,0.229481754911755
458,500,61.0,510,455,0.952245572924303
459,470,84.05,560,500,0.837620725714257
460,570,77.9,520,640,0.112139438207403
461,515,66.4,475,465,0.824666400671332
462,515,67.7,645,555,0.704090412131314
463,485,50.7,375,395,0.229481754911755
464,450,69.5,450,420,0.23780283983757
465,655,86.7,565,630,0.997298967866528
466,470,74.6,435,450,0.0800552813405495
467,455,69.1,450,510,0.0587928000083534
468,500,78.5,420,525,0.911395278391328
469,570,70.08500000000001,400,385,0.23780283983757
470,340,65.6,435,325,-1.0
471,750,86.30000000000001,630,720,0.338786347219528
472,454,85.69999999999999,575,435,0.735795709224656
473,605,80.4,535,425,0.694479327708463
474,315,64.0,425,375,0.377551419424541
475,595,81.2,515,425,0.600057182338341
476,675,86.95,605,505,0.960603251997053
477,435,72.08500000000001,545,545,-1.0
478,475,65.25,285,395,0.99526570569548
479,425,62.0,425,595,0.525922584252055
480,625,74.65,605,455,0.916869961103619
481,630,83.5,625,520,0.978799292641428
482,545,67.5,470,405,-1.0
483,705,80.725,545,605,0.910770164246022
484,385,74.65,440,590,0.996744486852253
485,365,58.5,435,425,0.0587928000083534
486,435,66.5,385,425,0.819416529835888
487,575,90.955,515,565,0.229481754911755
488,450,82.1,530,440,-1.0
489,485,68.0,410,490,0.450876584483451
490,565,70.15,505,325,0.21678548596901
491,355,88.41499999999999,400,500,0.966006923498049
492,500,90.0,570,800,0.986525019020638
493,595,71.32499999999999,440,450,0.649389714846691
494,545,74.5,555,585,0.376059586651545
495,685,88.69999999999999,575,534,0.376059586651545
496,485,71.9,505,825,0.884122511593735
497,470,65.0,500,485,0.276047228046856
498,615,67.31,575,355,0.915418434836364
499,635,93.2,645,580,0.997642771699029
500,620,71.2,465,345,0.600057182338341
501,615,75.5,475,565,0.229481754911755
502,590,92.7,475,605,0.99526570569548
503,385,57.2,285,404,0.165633091512476
504,645,90.285,395,455,0.910770164246022
505,385,75.5,500,500,0.413838255788123
506,455,60.5,435,375,0.910770164246022
507,605,69.5,415,570,0.744758354008939
508,485,89.85,470,345,0.600057182338341
509,575,68.0,575,515,0.824666400671332
510,305,73.59,485,355,0.0587928000083534
511,430,88.0,460,360,0.744758354008939
512,475,71.75,475,555,0.864685413370085
513,615,83.0,435,725,-1.0
514,325,60.0,425,515,0.450876584483451
515,355,82.69999999999999,485,570,0.493596387301038
516,545,96.1,450,510,0.338786347219528
517,340,68.5,440,360,0.0422231310972419
518,495,73.8,445,430,0.356536487724475
519,475,65.8,455,395,0.694479327708463
520,395,59.5,375,404,0.488347976782714
521,650,89.95,485,605,0.229481754911755
522,605,70.785,575,515,0.413838255788123
523,545,71.64500000000001,400,420,0.255778193719394
524,295,58.6,445,430,0.953899775079926
525,430,64.05,410,300,0.336185066042399
526,590,87.9,495,660,0.824666400671332
527,475,83.13499999999999,565,485,0.864685413370085
528,870,81.6,640,580,0.622642915849938
529,515,82.5,515,505,0.635978756456794
530,765,80.8,560,745,0.783303536670298
531,345,63.25,455,490,0.23780283983757
532,680,90.415,645,650,0.996155970927587
533,355,68.9,455,535,0.0409993103614119
534,425,69.33500000000001,535,415,0.714529363243447
535,325,71.5,425,315,0.0745462652358558
536,720,72.1,580,545,0.901489571371033
537,405,93.35,555,580,0.144789889482462
538,665,51.0,450,535,0.735795709224656
539,365,82.5,385,435,0.376059586651545
540,450,70.85,455,350,0.193768441980019
541,485,77.5,435,475,0.864685413370085
542,385,67.3,425,520,0.557389505646088
543,395,80.5,585,345,0.190153405601018
544,465,82.8,555,490,0.996744486852253
545,635,81.8,560,625,0.953899775079926
546,355,75.4,435,395,-1.0
547,330,65.95,580,630,0.98374996654107
548,585,81.6,545,475,0.824666400671332
549,605,79.7,575,475,0.486747008438193
550,705,81.015,510,685,0.124502074009537
551,385,64.5,545,465,0.450876584483451
552,525,89.5,625,605,0.744758354008939
553,495,74.5,515,305,0.714529363243447
554,425,68.91499999999999,355,425,0.600057182338341
555,575,84.3,545,615,0.884122511593735
556,440,81.0,400,510,0.0185409416754305
557,735,89.25,585,650,0.694479327708463
558,565,72.0,365,525,0.635978756456794
559,605,76.46000000000001,520,590,0.842248322257836
560,590,81.0,555,590,0.783303536670298
561,705,67.80000000000001,415,535,0.916869961103619
562,795,80.9,620,675,0.376059586651545
563,590,78.5,585,605,0.704090412131314
564,810,65.83500000000001,495,555,0.843123726665742
565,390,67.565,460,525,0.783303536670298
566,345,66.5,410,525,0.842248322257836
567,735,88.78,640,485,0.930370607202691
568,525,78.9,485,475,0.916869961103619
569,464,67.8,535,535,0.308400582860308
570,595,84.4,505,465,0.942116551485008
571,705,70.3,645,755,0.952245572924303
572,145,77.4,350,335,0.563267823666597
573,485,87.0,495,545,0.600057182338341
574,620,88.0,680,780,0.380091833171688
575,335,61.5,385,535,0.342314899911815
576,635,79.4,535,650,-1.0
577,565,79.5,585,465,0.635978756456794
578,325,82.06,535,475,0.538386892985096
579,515,76.0,545,615,0.124502074009537
580,485,68.0,520,475,0.486747008438193
581,585,62.585,485,505,0.974396112538398
582,485,80.9,585,520,0.819416529835888
583,665,89.0,495,500,0.991230625262871
584,445,67.5,470,380,0.229481754911755
585,665,85.88,590,595,0.849802713510871
586,575,79.7,555,570,0.744758354008939
587,365,68.0,415,525,0.21678548596901
588,705,90.35,435,405,0.755375120895548
589,470,62.4,525,465,0.864685413370085
590,510,79.53999999999999,460,545,0.115022725743068
591,495,88.5,455,554,0.377551419424541
592,605,87.4,665,605,0.916869961103619
593,455,72.3,315,585,0.519863918067143
594,485,79.0,625,425,0.229481754911755
595,500,78.12,595,455,0.207392169717661
596,535,78.3,355,425,0.793580614548506
597,725,87.0,605,615,0.945134855960355
598,535,83.0,540,440,0.75618011362902
