,salary
0,445000
1,110000
2,255000
3,420000
4,200000
5,440000
6,150000
7,105000
8,195000
9,200000
10,335000
11,300000
12,480000
13,550000
14,325000
15,405000
16,500000
17,210000
18,400000
19,360000
20,240000
21,120000
22,430000
23,120000
24,120000
25,120000
26,600000
27,500000
28,240000
29,200000
30,80000
31,330000
32,450000
33,240000
34,325000
35,215000
36,315000
37,220000
38,180000
39,240000
40,60000
41,165000
42,180000
43,150000
44,370000
45,145000
46,100000
47,300000
48,240000
49,500000
50,300000
51,300000
52,510000
53,150000
54,240000
55,145000
56,240000
57,310000
58,450000
59,380000
60,300000
61,300000
62,200000
63,170000
64,95000
65,335000
66,110000
67,450000
68,200000
69,310000
70,200000
71,240000
72,300000
73,75000
74,330000
75,140000
76,320000
77,1210000
78,700000
79,120000
80,200000
81,315000
82,305000
83,335000
84,410000
85,200000
86,315000
87,120000
88,310000
89,375000
90,240000
91,295000
92,360000
93,260000
94,180000
95,100000
96,160000
97,310000
98,80000
99,325000
100,400000
101,475000
102,180000
103,250000
104,150000
105,100000
106,300000
107,465000
108,200000
109,360000
110,400000
111,720000
112,505000
113,380000
114,375000
115,290000
116,350000
117,100000
118,230000
119,315000
120,615000
121,200000
122,180000
123,260000
124,1110000
125,170000
126,180000
127,340000
128,145000
129,120000
130,180000
131,325000
132,95000
133,205000
134,280000
135,215000
136,200000
137,350000
138,190000
139,520000
140,335000
141,220000
142,450000
143,445000
144,200000
145,420000
146,100000
147,120000
148,315000
149,480000
150,145000
151,450000
152,235000
153,330000
154,320000
155,715000
156,145000
157,180000
158,180000
159,75000
160,280000
161,390000
162,325000
163,300000
164,450000
165,505000
166,240000
167,240000
168,200000
169,450000
170,335000
171,310000
172,450000
173,600000
174,335000
175,150000
176,180000
177,360000
178,180000
179,180000
180,240000
181,350000
182,400000
183,150000
184,150000
185,455000
186,240000
187,350000
188,385000
189,440000
190,380000
191,420000
192,360000
193,320000
194,355000
195,180000
196,490000
197,300000
199,120000
200,240000
201,325000
202,100000
203,180000
204,250000
205,300000
206,220000
208,275000
209,500000
210,510000
211,185000
212,490000
213,300000
214,410000
215,225000
216,100000
217,330000
218,300000
219,325000
220,310000
221,120000
222,525000
223,230000
224,300000
225,305000
226,205000
227,320000
228,510000
229,205000
230,140000
231,360000
232,375000
233,180000
234,195000
235,310000
236,325000
237,275000
238,375000
239,515000
240,380000
241,350000
242,265000
243,325000
244,380000
245,340000
246,280000
247,410000
248,300000
249,395000
250,90000
251,300000
252,160000
253,145000
254,150000
255,145000
256,180000
257,730000
258,105000
259,305000
260,325000
261,180000
262,160000
263,210000
264,275000
265,150000
266,210000
267,180000
268,325000
269,360000
270,180000
271,160000
272,485000
273,350000
274,325000
275,370000
276,350000
277,320000
278,225000
279,200000
280,180000
281,400000
282,500000
283,325000
284,260000
285,205000
286,760000
287,180000
288,310000
289,150000
290,180000
291,195000
292,370000
293,240000
294,335000
295,110000
296,150000
297,200000
298,480000
299,210000
300,135000
301,225000
302,360000
303,95000
304,240000
305,200000
306,460000
307,205000
308,350000
309,170000
310,215000
311,100000
312,300000
313,100000
314,300000
315,500000
316,235000
317,370000
318,350000
319,120000
320,145000
321,325000
322,360000
323,180000
324,110000
325,300000
326,120000
327,150000
328,180000
329,310000
330,350000
331,180000
332,350000
333,325000
334,370000
335,220000
336,420000
337,420000
338,275000
339,355000
340,400000
341,200000
342,275000
343,450000
344,550000
345,180000
346,315000
347,220000
348,120000
349,110000
350,240000
351,300000
352,700000
353,300000
354,300000
355,560000
356,200000
357,390000
358,420000
359,310000
360,120000
361,325000
362,120000
363,200000
364,475000
365,375000
366,200000
367,260000
368,380000
369,180000
370,200000
371,325000
372,180000
373,500000
374,320000
375,325000
376,275000
377,180000
378,445000
379,325000
380,180000
381,510000
382,415000
383,420000
384,330000
385,325000
386,185000
387,290000
388,190000
389,300000
390,110000
391,435000
392,300000
393,350000
394,255000
395,210000
396,155000
397,400000
398,60000
399,105000
400,185000
401,200000
402,315000
403,105000
404,425000
405,220000
406,115000
407,300000
408,260000
409,105000
410,150000
411,280000
412,300000
413,150000
414,135000
415,200000
416,120000
417,300000
418,500000
419,500000
420,375000
421,450000
422,150000
423,400000
424,120000
425,160000
426,400000
427,300000
428,300000
429,200000
430,220000
431,310000
432,400000
433,325000
434,345000
435,160000
436,300000
437,240000
438,305000
439,300000
440,500000
441,350000
443,220000
444,340000
445,100000
446,180000
447,180000
448,475000
449,245000
450,215000
451,505000
452,145000
453,350000
454,150000
455,420000
456,145000
457,400000
458,340000
459,115000
460,200000
461,95000
462,280000
463,300000
464,110000
465,320000
466,300000
467,95000
468,180000
469,300000
470,180000
471,210000
472,325000
473,120000
474,120000
475,385000
476,480000
477,495000
478,300000
479,300000
480,205000
481,100000
482,300000
483,275000
484,425000
485,180000
486,330000
487,360000
488,250000
489,305000
490,410000
491,220000
492,45000
493,335000
494,325000
495,95000
496,565000
497,660000
498,450000
499,395000
500,100000
501,300000
502,300000
503,550000
504,325000
505,100000
506,330000
507,310000
508,355000
509,340000
510,70000
511,440000
512,400000
513,345000
514,400000
515,120000
516,110000
517,400000
518,565000
519,360000
520,305000
521,275000
522,500000
523,300000
524,100000
525,275000
526,275000
527,290000
528,300000
529,340000
530,145000
531,250000
532,215000
533,180000
534,350000
535,550000
536,295000
537,320000
538,105000
539,80000
540,470000
541,155000
542,180000
543,180000
544,315000
545,300000
546,360000
547,80000
548,180000
549,335000
550,300000
551,80000
552,300000
553,180000
554,300000
555,200000
556,325000
557,370000
558,350000
559,500000
560,200000
561,335000
562,410000
563,450000
564,200000
565,120000
566,105000
567,240000
568,120000
569,300000
570,315000
571,180000
572,300000
573,420000
574,35000
575,300000
576,400000
577,320000
578,270000
579,350000
580,200000
582,145000
583,210000
584,180000
585,300000
586,405000
587,100000
588,200000
589,200000
590,110000
591,120000
592,1025000
593,240000
594,400000
595,180000
596,200000
597,340000
598,350000
599,105000
600,480000
601,200000
602,200000
603,210000
604,365000
605,240000
606,175000
607,500000
608,570000
609,680000
610,300000
611,180000
612,200000
613,200000
614,435000
615,240000
616,190000
617,300000
618,360000
619,275000
620,230000
621,200000
622,300000
623,350000
624,785000
625,460000
626,365000
627,200000
628,150000
629,300000
630,460000
631,110000
632,240000
633,305000
634,350000
635,240000
636,310000
637,335000
638,430000
639,300000
640,100000
641,300000
642,285000
643,90000
644,60000
645,200000
646,340000
647,45000
648,870000
649,495000
650,440000
651,350000
652,325000
653,380000
654,130000
655,300000
656,1200000
657,200000
658,375000
659,300000
660,60000
661,150000
662,150000
663,325000
664,350000
665,185000
666,315000
667,185000
668,650000
669,375000
670,400000
671,180000
672,60000
673,100000
674,460000
675,310000
676,144000
677,230000
678,500000
679,180000
680,300000
681,90000
682,325000
683,510000
684,300000
685,325000
686,700000
687,100000
688,170000
689,100000
690,130000
691,220000
692,120000
693,240000
694,240000
695,410000
696,140000
697,325000
698,200000
699,105000
700,180000
701,115000
702,215000
703,120000
704,250000
705,440000
706,180000
707,315000
708,320000
709,265000
710,240000
711,180000
712,350000
713,335000
714,300000
715,495000
716,320000
717,180000
718,110000
719,305000
720,325000
721,250000
722,370000
723,165000
724,200000
725,230000
726,400000
727,500000
728,480000
729,810000
730,200000
731,360000
732,325000
733,320000
734,150000
735,240000
736,300000
737,395000
738,440000
739,180000
740,235000
741,315000
742,160000
743,90000
744,120000
745,185000
746,345000
747,360000
748,120000
749,400000
750,200000
751,225000
752,240000
753,420000
754,225000
755,90000
756,180000
757,560000
758,335000
759,100000
760,880000
761,200000
762,45000
763,200000
764,150000
765,200000
766,100000
767,300000
768,225000
769,300000
770,200000
771,405000
772,70000
773,110000
774,300000
775,350000
776,180000
777,300000
778,240000
779,120000
780,195000
781,325000
782,305000
783,100000
784,180000
785,450000
786,335000
787,120000
788,335000
789,200000
790,100000
791,325000
792,250000
793,200000
794,475000
795,300000
796,200000
797,365000
798,110000
799,180000
800,395000
801,110000
802,180000
803,325000
804,450000
805,280000
806,150000
807,470000
808,180000
809,1200000
810,145000
811,180000
812,180000
813,160000
814,145000
815,420000
816,600000
817,300000
818,400000
819,145000
820,180000
821,220000
822,100000
823,455000
824,380000
825,150000
826,100000
827,305000
828,410000
829,200000
830,220000
831,220000
832,475000
833,360000
834,120000
835,600000
836,420000
837,325000
838,315000
839,400000
840,250000
841,200000
842,200000
843,400000
844,385000
845,145000
846,510000
847,365000
848,320000
849,350000
850,120000
851,175000
852,215000
853,400000
854,180000
855,100000
856,350000
857,145000
858,200000
859,205000
860,100000
861,300000
862,1100000
863,235000
864,275000
865,180000
866,75000
867,300000
868,275000
869,300000
870,200000
871,180000
872,300000
873,110000
874,400000
875,220000
876,520000
877,360000
878,170000
879,475000
880,100000
881,200000
882,320000
883,190000
884,150000
885,400000
886,120000
887,195000
888,675000
889,180000
890,300000
891,370000
892,290000
893,310000
894,200000
895,345000
896,190000
897,200000
898,600000
899,400000
900,110000
901,205000
902,370000
903,120000
904,225000
905,400000
906,425000
907,265000
908,450000
909,240000
910,325000
911,300000
912,355000
913,110000
914,150000
915,335000
916,200000
917,300000
918,145000
919,200000
920,205000
921,140000
922,225000
923,180000
924,300000
925,130000
926,215000
927,180000
928,335000
929,120000
930,180000
931,265000
932,320000
933,145000
934,260000
935,310000
936,420000
937,465000
938,180000
939,315000
940,135000
941,315000
942,360000
943,275000
944,120000
945,325000
946,450000
947,550000
948,400000
949,65000
950,350000
951,265000
952,65000
953,180000
954,325000
955,325000
956,400000
957,200000
958,190000
959,365000
960,180000
961,330000
962,390000
963,240000
964,360000
965,350000
966,215000
967,600000
968,200000
969,190000
970,95000
971,205000
972,330000
973,120000
974,600000
975,350000
976,500000
977,335000
978,400000
979,180000
980,430000
981,300000
982,320000
983,230000
984,250000
985,120000
986,200000
987,1200000
988,270000
989,310000
990,180000
991,300000
992,770000
993,360000
994,210000
995,400000
996,60000
997,330000
998,105000
999,160000
1000,350000
1001,350000
1002,200000
1003,400000
1004,700000
1005,180000
1006,360000
1007,180000
1008,220000
1009,460000
1010,310000
1011,300000
1012,100000
1013,310000
1014,510000
1015,330000
1016,345000
1017,240000
1018,100000
1019,205000
1020,110000
1022,220000
1023,120000
1024,185000
1025,325000
1026,525000
1027,430000
1028,340000
1029,450000
1030,180000
1031,435000
1032,180000
1033,300000
1034,200000
1035,200000
1036,180000
1037,120000
1038,215000
1039,295000
1040,300000
1041,305000
1042,325000
1043,120000
1044,300000
1045,320000
1046,320000
1047,345000
1048,150000
1049,145000
1050,730000
1051,400000
1052,180000
1053,325000
1054,420000
1055,125000
1056,300000
1057,355000
1058,95000
1059,395000
1060,230000
1061,415000
1062,215000
1063,205000
1064,500000
1065,390000
1066,180000
1067,375000
1068,200000
1069,300000
1070,335000
1071,420000
1072,200000
1073,240000
1074,120000
1075,500000
1076,310000
1077,120000
1078,290000
1079,350000
1080,325000
1081,235000
1082,325000
1083,1300000
1084,225000
1085,100000
1086,300000
1087,355000
1088,430000
1089,240000
1090,115000
1091,180000
1092,95000
1093,350000
1094,345000
1095,315000
1096,350000
1097,325000
1098,190000
1099,465000
1100,500000
1101,415000
1102,140000
1103,350000
1104,320000
1105,420000
1106,145000
1107,150000
1108,420000
1109,180000
1110,400000
1111,440000
1112,240000
1113,405000
1114,200000
1115,310000
1116,325000
1117,440000
1118,405000
1119,240000
1120,145000
1121,170000
1122,265000
1123,440000
1124,325000
1125,355000
1126,600000
1127,430000
1128,380000
1129,320000
1130,140000
1131,320000
1132,280000
1133,120000
1134,300000
1135,120000
1136,250000
1137,310000
1138,100000
1139,280000
1140,105000
1141,220000
1142,200000
1143,610000
1144,240000
1145,400000
1146,725000
1147,500000
1148,100000
1149,320000
1150,775000
1151,305000
1152,120000
1153,120000
1154,240000
1155,100000
1156,170000
1157,200000
1158,150000
1159,310000
1160,100000
1161,350000
1162,100000
1163,450000
1164,360000
1165,325000
1166,50000
1167,200000
1168,235000
1169,100000
1170,130000
1171,430000
1172,320000
1173,220000
1174,120000
1175,385000
1176,220000
1177,300000
1178,120000
1179,520000
1180,300000
1181,180000
1182,280000
1183,150000
1184,100000
1185,280000
1186,330000
1187,180000
1188,520000
1189,300000
1190,415000
1191,215000
1192,310000
1193,240000
1194,195000
1195,430000
1196,400000
1197,450000
1198,105000
1199,275000
1200,250000
1201,280000
1202,425000
1203,300000
1204,335000
1205,300000
1206,500000
1207,280000
1208,335000
1209,200000
1210,305000
1211,480000
1212,120000
1213,305000
1214,330000
1215,100000
1216,305000
1217,225000
1218,325000
1219,555000
1220,210000
1221,450000
1222,315000
1223,325000
1224,225000
1225,310000
1226,200000
1227,350000
1228,305000
1229,110000
1230,415000
1231,325000
1232,290000
1233,245000
1234,360000
1235,325000
1236,300000
1237,415000
1238,280000
1239,200000
1240,325000
1241,180000
1242,480000
1243,180000
1244,165000
1245,120000
1246,325000
1247,360000
1248,265000
1249,300000
1250,240000
1251,300000
1252,200000
1253,180000
1254,405000
1255,170000
1256,565000
1257,540000
1258,420000
1259,500000
1260,180000
1261,145000
1262,100000
1263,110000
1264,325000
1265,375000
1266,1200000
1267,515000
1268,60000
1269,150000
1270,450000
1271,175000
1272,150000
1273,415000
1274,270000
1275,325000
1276,240000
1277,100000
1278,475000
1279,680000
1280,175000
1281,325000
1282,150000
1283,140000
1284,315000
1285,335000
1286,150000
1287,240000
1288,250000
1289,180000
1290,100000
1291,245000
1292,420000
1293,325000
1294,220000
1295,500000
1296,140000
1297,300000
1298,105000
1299,265000
1300,225000
1301,70000
1303,200000
1304,450000
1305,95000
1306,400000
1307,300000
1308,450000
1309,325000
1310,240000
1311,120000
1312,145000
1313,290000
1314,205000
1315,300000
1316,280000
1317,250000
1318,195000
1319,200000
1320,360000
1321,240000
1322,125000
1323,405000
1324,255000
1325,150000
1326,100000
1327,250000
1328,240000
1329,300000
1330,300000
1331,240000
1332,390000
1333,705000
1334,620000
1335,345000
1336,330000
1337,240000
1338,400000
1339,335000
1340,325000
1341,120000
1342,925000
1343,280000
1344,500000
1345,620000
1346,320000
1347,400000
1348,505000
1349,500000
1350,455000
1351,330000
1352,325000
1353,405000
1354,200000
1355,120000
1356,100000
1357,440000
1358,200000
1359,140000
1360,415000
1361,400000
1362,300000
1363,800000
1364,200000
1365,240000
1366,180000
1367,300000
1368,325000
1369,210000
1370,180000
1371,210000
1372,120000
1373,410000
1374,470000
1375,180000
1376,180000
1377,335000
1378,110000
1379,480000
1380,290000
1381,445000
1382,200000
1383,105000
1384,205000
1385,180000
1386,325000
1387,145000
1388,300000
1389,300000
1390,320000
1391,180000
1392,120000
1393,240000
1394,300000
1395,225000
1396,360000
1397,420000
1398,400000
1399,300000
1400,275000
1401,315000
1402,820000
1403,300000
1404,85000
1405,125000
1406,430000
1407,500000
1408,325000
1409,145000
1410,410000
1411,300000
1412,165000
1413,330000
1414,180000
1415,360000
1416,600000
1417,285000
1418,375000
1419,195000
1420,340000
1421,600000
1422,545000
1423,245000
1424,270000
1425,410000
1426,325000
1427,320000
1428,240000
1429,410000
1430,390000
1431,120000
1432,200000
1433,325000
1434,350000
1435,505000
1436,585000
1437,320000
1438,180000
1439,180000
1440,350000
1441,310000
1442,620000
1443,400000
1444,590000
1445,175000
1446,430000
1447,300000
1448,250000
1449,200000
1450,500000
1451,145000
1452,240000
1453,660000
1454,130000
1455,120000
1456,120000
1457,400000
1458,325000
1459,325000
1460,180000
1461,720000
1462,450000
1463,150000
1464,155000
1465,400000
1466,460000
1467,530000
1468,325000
1469,105000
1470,240000
1471,425000
1472,535000
1473,350000
1474,180000
1475,100000
1476,360000
1477,250000
1478,220000
1479,85000
1480,325000
1481,175000
1482,200000
1483,305000
1484,400000
1485,225000
1486,300000
1487,460000
1488,300000
1489,340000
1490,300000
1491,300000
1492,300000
1493,215000
1494,400000
1495,180000
1496,470000
1497,300000
1498,225000
1499,505000
1500,450000
1501,390000
1502,105000
1503,150000
1504,120000
1505,330000
1506,320000
1507,100000
1508,120000
1509,325000
1510,400000
1511,440000
1512,180000
1513,350000
1514,180000
1515,325000
1516,300000
1517,350000
1518,380000
1519,420000
1520,225000
1521,235000
1522,145000
1523,240000
1524,240000
1525,325000
1526,180000
1527,90000
1528,630000
1529,145000
1530,350000
1531,430000
1532,435000
1533,150000
1534,150000
1535,300000
1536,275000
1537,300000
1538,100000
1539,500000
1540,190000
1541,350000
1542,65000
1543,300000
1544,475000
1545,300000
1546,355000
1547,60000
1548,300000
1549,160000
1550,320000
1551,105000
1552,500000
1553,325000
1554,445000
1555,210000
1556,165000
1557,300000
1558,300000
1559,200000
1560,300000
1561,240000
1562,340000
1563,325000
1564,440000
1565,305000
1566,150000
1567,420000
1568,240000
1569,450000
1570,350000
1571,325000
1572,500000
1573,465000
1574,350000
1575,515000
1576,150000
1577,390000
1578,260000
1579,260000
1580,310000
1581,105000
1582,800000
1583,440000
1584,625000
1585,450000
1586,275000
1587,315000
1588,375000
1589,325000
1590,300000
1591,400000
1592,155000
1593,300000
1594,145000
1595,350000
1596,400000
1597,150000
1598,200000
1599,325000
1600,225000
1601,350000
1602,495000
1603,200000
1604,390000
1605,325000
1606,650000
1607,300000
1608,300000
1609,320000
1610,220000
1611,185000
1612,240000
1613,200000
1614,80000
1615,415000
1616,160000
1617,120000
1618,475000
1619,175000
1620,455000
1621,225000
1622,310000
1623,800000
1624,280000
1625,460000
1626,315000
1627,350000
1628,200000
1629,370000
1630,200000
1631,200000
1632,325000
1633,160000
1634,235000
1635,340000
1636,335000
1637,305000
1638,120000
1639,120000
1640,180000
1641,370000
1642,190000
1643,305000
1644,450000
1645,345000
1646,335000
1647,480000
1648,600000
1649,325000
1650,180000
1651,325000
1652,220000
1653,375000
1654,300000
1655,180000
1656,220000
1657,300000
1658,225000
1659,650000
1660,120000
1661,180000
1662,445000
1663,420000
1664,280000
1665,220000
1666,300000
1667,370000
1668,150000
1669,300000
1670,390000
1671,145000
1672,180000
1673,240000
1674,180000
1675,120000
1676,185000
1677,400000
1678,315000
1679,265000
1680,120000
1681,475000
1682,360000
1683,420000
1684,200000
1685,555000
1686,615000
1687,450000
1688,320000
1689,350000
1690,550000
1691,360000
1692,200000
1693,120000
1694,335000
1695,130000
1696,320000
1697,400000
1698,150000
1699,220000
1700,180000
1701,310000
1702,325000
1703,360000
1704,325000
1705,425000
1706,180000
1707,320000
1708,180000
1709,605000
1710,410000
1711,430000
1712,145000
1713,180000
1714,240000
1715,800000
1716,175000
1717,360000
1718,470000
1719,650000
1720,325000
1721,300000
1722,330000
1723,200000
1724,210000
1725,240000
1726,170000
1727,350000
1728,600000
1729,350000
1730,300000
1731,275000
1732,400000
1733,315000
1734,300000
1735,200000
1736,180000
1737,400000
1738,210000
1739,380000
1740,200000
1741,330000
1742,180000
1743,345000
1744,350000
1745,475000
1746,335000
1747,260000
1748,335000
1749,100000
1750,230000
1751,340000
1752,180000
1753,420000
1754,150000
1755,480000
1756,380000
1757,150000
1758,310000
1759,180000
1760,260000
1761,240000
1762,200000
1763,120000
1764,530000
1765,350000
1766,120000
1767,120000
1768,430000
1769,85000
1770,325000
1771,400000
1772,180000
1773,325000
1774,210000
1775,315000
1776,200000
1777,200000
1778,305000
1779,350000
1780,95000
1781,305000
1782,325000
1783,305000
1784,200000
1785,350000
1786,850000
1787,280000
1788,440000
1789,300000
1790,275000
1791,85000
1792,395000
1793,290000
1794,325000
1795,210000
1796,390000
1797,180000
1798,1300000
1799,250000
1800,120000
1801,200000
1802,150000
1803,345000
1804,320000
1805,450000
1806,340000
1807,350000
1808,400000
1809,390000
1810,325000
1811,145000
1812,120000
1813,420000
1814,130000
1815,700000
1816,310000
1817,145000
1818,370000
1819,360000
1820,340000
1821,120000
1822,300000
1823,500000
1824,305000
1825,530000
1826,240000
1827,150000
1828,520000
1829,110000
1830,600000
1831,40000
1832,570000
1833,220000
1834,290000
1835,320000
1836,180000
1837,95000
1838,95000
1839,240000
1840,320000
1841,495000
1842,355000
1843,300000
1844,200000
1845,400000
1846,360000
1847,300000
1848,450000
1849,105000
1850,290000
1851,280000
1852,325000
1853,335000
1854,325000
1855,300000
1856,210000
1857,500000
1858,180000
1859,300000
1860,335000
1861,240000
1862,400000
1863,210000
1864,205000
1865,200000
1866,180000
1867,610000
1868,200000
1869,400000
1870,620000
1871,405000
1872,335000
1873,95000
1874,205000
1875,275000
1876,280000
1877,115000
1878,335000
1879,630000
1880,305000
1881,490000
1882,240000
1883,215000
1884,370000
1885,300000
1886,350000
1887,180000
1888,200000
1889,145000
1890,120000
1891,325000
1892,360000
1893,180000
1894,550000
1895,500000
1896,415000
1897,400000
1898,360000
1899,200000
1900,275000
1901,900000
1902,120000
1903,205000
1904,315000
1905,120000
1906,240000
1907,350000
1908,470000
1909,420000
1910,345000
1911,530000
1912,320000
1913,345000
1914,360000
1915,240000
1916,240000
1917,520000
1918,340000
1919,410000
1920,550000
1921,450000
1922,200000
1923,105000
1924,100000
1925,275000
1926,205000
1927,360000
1928,450000
1929,500000
1930,640000
1931,95000
1932,410000
1933,300000
1934,295000
1935,220000
1936,445000
1937,180000
1938,165000
1939,350000
1940,240000
1941,395000
1942,400000
1943,400000
1944,400000
1945,350000
1946,140000
1947,300000
1948,560000
1949,335000
1950,470000
1951,325000
1952,265000
1953,120000
1954,180000
1955,180000
1956,365000
1957,650000
1958,120000
1959,120000
1960,650000
1961,180000
1962,300000
1963,300000
1964,580000
1965,35000
1966,340000
1967,220000
1968,380000
1969,690000
1970,430000
1971,930000
1972,120000
1973,340000
1974,145000
1975,500000
1976,220000
1977,300000
1978,120000
1979,350000
1980,180000
1981,95000
1982,645000
1983,300000
1984,280000
1985,560000
1986,120000
1987,145000
1988,655000
1989,100000
1990,350000
1991,300000
1992,180000
1993,180000
1994,425000
1995,320000
1996,430000
1997,240000
1998,100000
1999,420000
2000,315000
2001,325000
2002,645000
2003,105000
2004,400000
2005,180000
2006,300000
2007,450000
2008,200000
2009,910000
2010,360000
2011,160000
2012,100000
2013,250000
2014,450000
2015,300000
2016,370000
2017,310000
2018,240000
2019,180000
2020,265000
2021,350000
2022,280000
2023,210000
2024,230000
2025,350000
2026,100000
2027,460000
2028,450000
2029,250000
2030,160000
2031,180000
2032,350000
2033,250000
2034,310000
2035,240000
2036,200000
2037,210000
2038,350000
2039,300000
2040,145000
2041,110000
2042,300000
2043,570000
2044,300000
2045,205000
2046,325000
2047,75000
2048,320000
2049,395000
2050,305000
2051,220000
2052,655000
2053,270000
2054,120000
2055,215000
2056,400000
2057,335000
2058,160000
2059,150000
2060,100000
2061,145000
2062,385000
2063,75000
2064,400000
2065,330000
2066,450000
2067,550000
2068,480000
2069,220000
2070,335000
2071,325000
2072,215000
2073,150000
2074,115000
2075,360000
2076,1200000
2077,300000
2078,415000
2079,400000
2080,180000
2081,400000
2082,525000
2083,110000
2084,380000
2085,170000
2086,400000
2087,200000
2088,345000
2089,220000
2090,200000
2091,525000
2092,170000
2093,180000
2094,85000
2095,150000
2096,400000
2097,325000
2098,360000
2099,330000
2100,300000
2101,550000
2102,420000
2103,60000
2104,300000
2105,180000
2106,325000
2107,180000
2108,340000
2109,360000
2110,110000
2111,200000
2112,210000
2113,450000
2114,400000
2115,265000
2116,515000
2117,1300000
2118,400000
2119,450000
2120,335000
2121,125000
2122,240000
2123,340000
2124,555000
2125,300000
2126,105000
2127,300000
2128,240000
2129,350000
2130,800000
2131,335000
2132,360000
2133,400000
2134,320000
2135,450000
2136,120000
2137,195000
2138,200000
2139,105000
2140,375000
2141,610000
2142,250000
2143,155000
2144,320000
2145,240000
2146,240000
2147,300000
2148,120000
2149,335000
2150,120000
2151,750000
2152,140000
2153,180000
2154,290000
2155,320000
2156,100000
2157,300000
2158,300000
2159,550000
2160,300000
2161,180000
2162,445000
2163,270000
2164,240000
2165,105000
2166,530000
2167,350000
2168,200000
2169,400000
2170,335000
2171,105000
2172,340000
2173,530000
2174,480000
2175,470000
2176,100000
2177,675000
2178,180000
2179,225000
2180,530000
2181,130000
2182,200000
2183,350000
2184,120000
2185,105000
2186,325000
2187,160000
2188,180000
2189,330000
2190,210000
2191,240000
2192,325000
2193,375000
2194,95000
2195,100000
2196,145000
2197,540000
2198,265000
2199,385000
2200,350000
2201,100000
2202,700000
2203,240000
2204,215000
2205,440000
2206,200000
2207,200000
2208,120000
2209,265000
2210,570000
2211,100000
2212,480000
2213,720000
2214,380000
2215,200000
2216,455000
2217,350000
2218,140000
2219,460000
2220,315000
2221,300000
2222,95000
2223,350000
2224,240000
2225,180000
2226,300000
2227,800000
2228,140000
2229,300000
2230,100000
2231,300000
2232,180000
2234,120000
2235,590000
2236,110000
2237,205000
2239,540000
2240,360000
2241,240000
2242,450000
2243,310000
2244,150000
2245,240000
2246,600000
2247,240000
2248,145000
2249,300000
2250,550000
2251,110000
2252,330000
2253,505000
2254,335000
2255,395000
2256,300000
2257,150000
2258,330000
2259,180000
2260,300000
2261,200000
2262,105000
2263,360000
2264,460000
2265,100000
2266,150000
2267,370000
2268,180000
2269,320000
2270,300000
2271,360000
2272,105000
2273,490000
2274,350000
2275,180000
2276,150000
2277,100000
2278,335000
2279,420000
2280,235000
2281,60000
2282,610000
2283,115000
2284,180000
2285,350000
2286,250000
2287,225000
2288,145000
2289,265000
2290,205000
2291,120000
2292,340000
2293,105000
2294,280000
2295,100000
2296,200000
2297,305000
2298,120000
2299,505000
2300,300000
2301,325000
2303,820000
2304,305000
2305,180000
2306,120000
2307,240000
2308,95000
2309,300000
2310,200000
2311,415000
2312,110000
2313,210000
2314,120000
2315,700000
2316,350000
2317,300000
2318,240000
2319,310000
2320,490000
2321,330000
2322,650000
2323,755000
2324,600000
2325,250000
2326,335000
2327,350000
2328,200000
2329,150000
2330,680000
2331,200000
2332,320000
2333,315000
2334,275000
2335,470000
2336,330000
2337,250000
2338,400000
2339,120000
2340,130000
2341,240000
2342,100000
2343,650000
2344,240000
2345,300000
2346,95000
2347,240000
2348,800000
2349,145000
2350,420000
2351,160000
2352,240000
2353,300000
2354,530000
2355,405000
2356,90000
2357,200000
2358,350000
2359,340000
2360,215000
2361,280000
2362,240000
2363,325000
2364,320000
2365,240000
2366,180000
2367,245000
2368,335000
2369,400000
2370,240000
2371,300000
2372,170000
2373,180000
2374,425000
2375,480000
2376,180000
2377,140000
2378,150000
2379,345000
2380,300000
2381,440000
2382,180000
2383,190000
2384,240000
2385,445000
2386,500000
2387,410000
2388,215000
2389,600000
2390,350000
2391,300000
2392,180000
2393,120000
2394,390000
2395,175000
2396,305000
2397,405000
2398,350000
2399,325000
2400,340000
2401,325000
2402,240000
2403,200000
2404,265000
2405,220000
2406,335000
2407,325000
2408,240000
2409,380000
2410,415000
2411,350000
2412,480000
2413,560000
2414,165000
2415,350000
2416,500000
2417,605000
2418,320000
2419,100000
2420,180000
2421,315000
2422,490000
2423,340000
2424,145000
2425,310000
2426,640000
2427,240000
2428,300000
2429,320000
2430,140000
2431,400000
2432,480000
2433,250000
2434,260000
2435,200000
2436,220000
2437,130000
2438,380000
2439,55000
2440,450000
2441,240000
2442,315000
2443,260000
2444,200000
2445,120000
2446,110000
2447,300000
2448,410000
2449,150000
2450,300000
2451,320000
2452,235000
2453,415000
2454,270000
2455,280000
2456,220000
2457,520000
2458,200000
2459,85000
2460,250000
2461,325000
2462,120000
2463,120000
2464,500000
2465,425000
2466,240000
2467,105000
2468,240000
2469,350000
2470,300000
2471,315000
2472,240000
2473,80000
2474,310000
2475,155000
2476,400000
2477,200000
2478,100000
2479,600000
2480,505000
2481,95000
2482,180000
2483,265000
2484,300000
2485,350000
2486,220000
2487,310000
2488,525000
2489,150000
2490,405000
2491,175000
2492,490000
2493,460000
2494,330000
2495,1100000
2496,190000
2497,325000
2498,300000
2499,325000
2500,180000
2501,120000
2502,275000
2503,40000
2504,410000
2505,100000
2506,350000
2507,50000
2508,485000
2509,240000
2510,300000
2511,330000
2512,100000
2513,275000
2514,545000
2515,120000
2516,175000
2517,120000
2518,200000
2519,180000
2520,395000
2521,600000
2522,400000
2523,340000
2524,200000
2525,180000
2526,145000
2527,205000
2528,410000
2529,150000
2530,160000
2531,495000
2532,250000
2533,600000
2534,360000
2535,225000
2536,450000
2537,150000
2538,150000
2539,205000
2540,180000
2541,300000
2542,560000
2543,655000
2544,190000
2545,215000
2546,500000
2547,95000
2548,325000
2549,50000
2550,560000
2551,230000
2552,415000
2553,100000
2554,215000
2555,180000
2556,375000
2557,380000
2558,180000
2559,95000
2560,120000
2561,325000
2562,240000
2563,110000
2564,390000
2565,450000
2566,700000
2567,360000
2568,330000
2569,210000
2570,300000
2571,435000
2572,315000
2573,50000
2574,180000
2575,305000
2576,550000
2577,300000
2578,220000
2579,325000
2580,320000
2581,345000
2582,115000
2583,180000
2584,360000
2585,310000
2586,435000
2587,325000
2588,320000
2589,205000
2590,325000
2591,600000
2592,345000
2593,325000
2594,255000
2595,100000
2596,185000
2597,300000
2598,190000
2599,120000
2600,200000
2601,180000
2602,170000
2603,370000
2604,155000
2605,200000
2606,550000
2607,195000
2608,400000
2609,200000
2610,530000
2611,325000
2612,150000
2613,375000
2614,225000
2615,120000
2616,240000
2617,375000
2618,180000
2619,520000
2620,365000
2621,130000
2622,240000
2623,520000
2624,120000
2625,110000
2626,450000
2627,325000
2628,420000
2629,95000
2630,360000
2631,320000
2632,300000
2633,325000
2634,240000
2635,420000
2636,115000
2637,180000
2638,400000
2639,360000
2640,300000
2641,390000
2642,145000
2643,320000
2644,480000
2645,330000
2646,325000
2647,630000
2648,120000
2649,205000
2650,450000
2651,350000
2652,320000
2653,120000
2654,290000
2655,315000
2656,135000
2657,330000
2658,360000
2659,315000
2660,105000
2661,200000
2662,250000
2663,410000
2664,340000
2665,325000
2666,315000
2667,255000
2668,180000
2669,360000
2670,250000
2671,250000
2672,300000
2673,170000
2674,120000
2675,405000
2676,400000
2677,280000
2678,240000
2679,300000
2680,345000
2681,300000
2682,200000
2683,305000
2684,180000
2685,330000
2686,325000
2687,60000
2688,445000
2689,300000
2690,400000
2691,125000
2692,400000
2693,330000
2694,260000
2695,240000
2696,145000
2697,450000
2698,120000
2699,180000
2700,250000
2701,335000
2702,315000
2703,420000
2704,600000
2705,275000
2706,80000
2707,360000
2708,325000
2709,215000
2710,445000
2711,95000
2712,445000
2713,430000
2714,105000
2715,340000
2716,210000
2717,200000
2718,335000
2719,325000
2720,310000
2721,240000
2722,180000
2723,180000
2724,110000
2725,95000
2726,325000
2727,120000
2728,505000
2729,180000
2730,100000
2731,1000000
2732,450000
2733,145000
2734,460000
2735,250000
2736,200000
2737,370000
2738,200000
2739,325000
2740,160000
2741,150000
2742,210000
2743,450000
2744,145000
2745,300000
2746,700000
2747,230000
2748,280000
2749,180000
2750,85000
2751,700000
2752,140000
2753,550000
2754,365000
2755,300000
2756,170000
2757,435000
2758,350000
2759,120000
2760,200000
2761,500000
2762,125000
2763,315000
2764,335000
2765,430000
2766,280000
2767,250000
2768,170000
2769,550000
2770,150000
2771,430000
2772,195000
2773,190000
2774,250000
2775,200000
2776,130000
2777,430000
2778,200000
2779,225000
2780,450000
2781,310000
2782,360000
2783,155000
2784,340000
2785,215000
2786,100000
2787,310000
2788,480000
2789,180000
2790,450000
2791,205000
2792,120000
2793,280000
2794,200000
2795,105000
2796,350000
2797,450000
2798,470000
2799,440000
2800,355000
2801,420000
2802,300000
2803,300000
2804,105000
2805,100000
2806,35000
2807,380000
2808,250000
2809,250000
2810,110000
2811,500000
2812,100000
2813,460000
2814,385000
2815,400000
2816,600000
2817,200000
2818,325000
2819,180000
2820,100000
2821,480000
2822,120000
2823,300000
2824,405000
2825,105000
2826,110000
2827,405000
2828,240000
2829,325000
2830,280000
2831,180000
2832,120000
2833,180000
2834,310000
2835,330000
2836,430000
2837,285000
2838,90000
2839,210000
2840,325000
2841,200000
2842,555000
2843,350000
2844,310000
2845,140000
2846,300000
2847,400000
2848,205000
2849,535000
2850,100000
2851,275000
2852,300000
2853,570000
2854,320000
2855,120000
2856,180000
2857,215000
2858,460000
2859,325000
2860,320000
2861,80000
2862,515000
2863,280000
2864,185000
2865,400000
2866,180000
2867,100000
2868,320000
2869,95000
2870,350000
2871,100000
2872,110000
2873,85000
2874,200000
2875,180000
2876,530000
2877,395000
2878,415000
2879,315000
2880,225000
2881,180000
2882,120000
2883,325000
2884,215000
2885,305000
2886,165000
2887,100000
2888,300000
2889,350000
2890,490000
2891,315000
2892,200000
2893,70000
2894,210000
2895,350000
2896,715000
2897,250000
2898,70000
2899,325000
2900,300000
2901,820000
2902,335000
2903,380000
2904,350000
2905,335000
2906,320000
2907,305000
2908,310000
2909,185000
2910,180000
2911,165000
2912,180000
2913,120000
2914,110000
2915,225000
2916,200000
2917,90000
2918,340000
2919,335000
2920,500000
2921,360000
2922,180000
2923,300000
2924,505000
2925,510000
2926,280000
2927,285000
2928,400000
2929,100000
2930,500000
2931,370000
2932,420000
2933,325000
2934,200000
2935,140000
2936,60000
2937,300000
2938,210000
2939,240000
2940,300000
2941,400000
2942,520000
2943,200000
2944,240000
2945,550000
2946,630000
2947,150000
2948,420000
2949,250000
2950,350000
2951,560000
2952,145000
2953,360000
2954,345000
2955,120000
2956,360000
2957,500000
2958,320000
2959,180000
2960,440000
2961,150000
2962,120000
2963,390000
2964,180000
2965,600000
2966,380000
2967,380000
2968,415000
2969,425000
2970,200000
2971,105000
2972,470000
2973,375000
2974,575000
2975,420000
2976,300000
2977,500000
2978,445000
2979,400000
2980,120000
2981,120000
2982,385000
2983,530000
2984,200000
