,salary
0,445000
1,110000
2,255000
3,420000
4,200000
5,440000
6,150000
7,105000
8,195000
9,200000
10,335000
11,300000
12,480000
13,550000
14,325000
15,405000
16,500000
17,210000
18,400000
19,360000
20,240000
21,120000
22,430000
23,120000
24,120000
25,120000
26,600000
27,500000
28,240000
29,200000
30,80000
31,330000
32,450000
33,240000
34,325000
35,215000
36,315000
37,220000
38,180000
39,240000
40,60000
41,165000
42,180000
43,150000
44,370000
45,145000
46,100000
47,300000
48,240000
49,500000
50,300000
51,300000
52,510000
53,150000
54,240000
55,145000
56,240000
57,310000
58,450000
59,380000
60,300000
61,300000
62,200000
63,170000
64,95000
65,335000
66,110000
67,450000
68,200000
69,310000
70,200000
71,240000
72,300000
73,75000
74,330000
75,140000
76,320000
77,1210000
78,700000
79,120000
80,200000
81,315000
82,305000
83,335000
84,410000
85,200000
86,315000
87,120000
88,310000
89,375000
90,240000
91,295000
92,360000
93,260000
94,180000
95,100000
96,160000
97,310000
98,80000
99,325000
100,400000
101,475000
102,180000
103,250000
104,150000
105,100000
106,300000
107,465000
108,200000
109,360000
110,400000
111,720000
112,505000
113,380000
114,375000
115,290000
116,350000
117,100000
118,230000
119,315000
120,615000
121,200000
122,180000
123,260000
124,1110000
125,170000
126,180000
127,340000
128,145000
129,120000
130,180000
131,325000
132,95000
133,205000
134,280000
135,215000
136,200000
137,350000
138,190000
139,520000
140,335000
141,220000
142,450000
143,445000
144,200000
145,420000
146,100000
147,120000
148,315000
149,480000
150,145000
151,450000
152,235000
153,330000
154,320000
155,715000
156,145000
157,180000
158,180000
159,75000
160,280000
161,390000
162,325000
163,300000
164,450000
165,505000
166,240000
167,240000
168,200000
169,450000
170,335000
171,310000
172,450000
173,600000
174,335000
175,150000
176,180000
177,360000
178,180000
179,180000
180,240000
181,350000
182,400000
183,150000
184,150000
185,455000
186,240000
187,350000
188,385000
189,440000
190,380000
191,420000
192,360000
193,320000
194,355000
195,180000
196,490000
197,300000
198,2000000
199,120000
200,240000
201,325000
202,100000
203,180000
204,250000
205,300000
206,220000
207,1500000
208,275000
209,500000
210,510000
211,185000
212,490000
213,300000
214,410000
215,225000
216,100000
217,330000
218,300000
219,325000
220,310000
221,120000
222,525000
223,230000
224,300000
225,305000
226,205000
227,320000
228,510000
229,205000
230,140000
231,360000
232,375000
233,180000
234,195000
235,310000
236,325000
237,275000
238,375000
239,515000
240,380000
241,350000
242,265000
243,325000
244,380000
245,340000
246,280000
247,410000
248,300000
249,395000
250,90000
251,300000
252,160000
253,145000
254,150000
255,145000
256,180000
257,730000
258,105000
259,305000
260,325000
261,180000
262,160000
263,210000
264,275000
265,150000
266,210000
267,180000
268,325000
269,360000
270,180000
271,160000
272,485000
273,350000
274,325000
275,370000
276,350000
277,320000
278,225000
279,200000
280,180000
281,400000
282,500000
283,325000
284,260000
285,205000
286,760000
287,180000
288,310000
289,150000
290,180000
291,195000
292,370000
293,240000
294,335000
295,110000
296,150000
297,200000
298,480000
299,210000
300,135000
301,225000
302,360000
303,95000
304,240000
305,200000
306,460000
307,205000
308,350000
309,170000
310,215000
311,100000
312,300000
313,100000
314,300000
315,500000
316,235000
317,370000
318,350000
319,120000
320,145000
321,325000
322,360000
323,180000
324,110000
325,300000
326,120000
327,150000
328,180000
329,310000
330,350000
331,180000
332,350000
333,325000
334,370000
335,220000
336,420000
337,420000
338,275000
339,355000
340,400000
341,200000
342,275000
343,450000
344,550000
345,180000
346,315000
347,220000
348,120000
349,110000
350,240000
351,300000
352,700000
353,300000
354,300000
355,560000
356,200000
357,390000
358,420000
359,310000
360,120000
361,325000
362,120000
363,200000
364,475000
365,375000
366,200000
367,260000
368,380000
369,180000
370,200000
371,325000
372,180000
373,500000
374,320000
375,325000
376,275000
377,180000
378,445000
379,325000
380,180000
381,510000
382,415000
383,420000
384,330000
385,325000
386,185000
387,290000
388,190000
389,300000
390,110000
391,435000
392,300000
393,350000
394,255000
395,210000
396,155000
397,400000
398,60000
399,105000
400,185000
401,200000
402,315000
403,105000
404,425000
405,220000
406,115000
407,300000
408,260000
409,105000
410,150000
411,280000
412,300000
413,150000
414,135000
415,200000
416,120000
417,300000
418,500000
419,500000
420,375000
421,450000
422,150000
423,400000
424,120000
425,160000
426,400000
427,300000
428,300000
429,200000
430,220000
431,310000
432,400000
433,325000
434,345000
435,160000
436,300000
437,240000
438,305000
439,300000
440,500000
441,350000
442,2000000
443,220000
444,340000
445,100000
446,180000
447,180000
448,475000
449,245000
450,215000
451,505000
452,145000
453,350000
454,150000
455,420000
456,145000
457,400000
458,340000
459,115000
460,200000
461,95000
462,280000
463,300000
464,110000
465,320000
466,300000
467,95000
468,180000
469,300000
470,180000
471,210000
472,325000
473,120000
474,120000
475,385000
476,480000
477,495000
478,300000
479,300000
480,205000
481,100000
482,300000
483,275000
484,425000
485,180000
486,330000
487,360000
488,250000
489,305000
490,410000
491,220000
492,45000
493,335000
494,325000
495,95000
496,565000
497,660000
498,450000
499,395000
500,100000
501,300000
502,300000
503,550000
504,325000
505,100000
506,330000
507,310000
508,355000
509,340000
510,70000
511,440000
512,400000
513,345000
514,400000
515,120000
516,110000
517,400000
518,565000
519,360000
520,305000
521,275000
522,500000
523,300000
524,100000
525,275000
526,275000
527,290000
528,300000
529,340000
530,145000
531,250000
532,215000
533,180000
534,350000
535,550000
536,295000
537,320000
538,105000
539,80000
540,470000
541,155000
542,180000
543,180000
544,315000
545,300000
546,360000
547,80000
548,180000
549,335000
550,300000
551,80000
552,300000
553,180000
554,300000
555,200000
556,325000
557,370000
558,350000
559,500000
560,200000
561,335000
562,410000
563,450000
564,200000
565,120000
566,105000
567,240000
568,120000
569,300000
570,315000
571,180000
572,300000
573,420000
574,35000
575,300000
576,400000
577,320000
578,270000
579,350000
580,200000
581,2600000
582,145000
583,210000
584,180000
585,300000
586,405000
587,100000
588,200000
589,200000
590,110000
591,120000
592,1025000
593,240000
594,400000
595,180000
596,200000
597,340000
598,350000
599,105000
600,480000
601,200000
602,200000
603,210000
604,365000
605,240000
606,175000
607,500000
608,570000
609,680000
610,300000
611,180000
612,200000
613,200000
614,435000
615,240000
616,190000
617,300000
618,360000
619,275000
620,230000
621,200000
622,300000
623,350000
624,785000
625,460000
626,365000
627,200000
628,150000
629,300000
630,460000
631,110000
632,240000
633,305000
634,350000
635,240000
636,310000
637,335000
638,430000
639,300000
640,100000
641,300000
642,285000
643,90000
644,60000
645,200000
646,340000
647,45000
648,870000
649,495000
650,440000
651,350000
652,325000
653,380000
654,130000
655,300000
656,1200000
657,200000
658,375000
659,300000
660,60000
661,150000
662,150000
663,325000
664,350000
665,185000
666,315000
667,185000
668,650000
669,375000
670,400000
671,180000
672,60000
673,100000
674,460000
675,310000
676,144000
677,230000
678,500000
679,180000
680,300000
681,90000
682,325000
683,510000
684,300000
685,325000
686,700000
687,100000
688,170000
689,100000
690,130000
691,220000
692,120000
693,240000
694,240000
695,410000
696,140000
697,325000
698,200000
699,105000
700,180000
701,115000
702,215000
703,120000
704,250000
705,440000
706,180000
707,315000
708,320000
709,265000
710,240000
711,180000
712,350000
713,335000
714,300000
715,495000
716,320000
717,180000
718,110000
719,305000
720,325000
721,250000
722,370000
723,165000
724,200000
725,230000
726,400000
727,500000
728,480000
729,810000
730,200000
731,360000
732,325000
733,320000
734,150000
735,240000
736,300000
737,395000
738,440000
739,180000
740,235000
741,315000
742,160000
743,90000
744,120000
745,185000
746,345000
747,360000
748,120000
749,400000
750,200000
751,225000
752,240000
753,420000
754,225000
755,90000
756,180000
757,560000
758,335000
759,100000
760,880000
761,200000
762,45000
763,200000
764,150000
765,200000
766,100000
767,300000
768,225000
769,300000
770,200000
771,405000
772,70000
773,110000
774,300000
775,350000
776,180000
777,300000
778,240000
779,120000
780,195000
781,325000
782,305000
783,100000
784,180000
785,450000
786,335000
787,120000
788,335000
789,200000
790,100000
791,325000
792,250000
793,200000
794,475000
795,300000
796,200000
797,365000
798,110000
799,180000
800,395000
801,110000
802,180000
803,325000
804,450000
805,280000
806,150000
807,470000
808,180000
809,1200000
810,145000
811,180000
812,180000
813,160000
814,145000
815,420000
816,600000
817,300000
818,400000
819,145000
820,180000
821,220000
822,100000
823,455000
824,380000
825,150000
826,100000
827,305000
828,410000
829,200000
830,220000
831,220000
832,475000
833,360000
834,120000
835,600000
836,420000
837,325000
838,315000
839,400000
840,250000
841,200000
842,200000
843,400000
844,385000
845,145000
846,510000
847,365000
848,320000
849,350000
850,120000
851,175000
852,215000
853,400000
854,180000
855,100000
856,350000
857,145000
858,200000
859,205000
860,100000
861,300000
862,1100000
863,235000
864,275000
865,180000
866,75000
867,300000
868,275000
869,300000
870,200000
871,180000
872,300000
873,110000
874,400000
875,220000
876,520000
877,360000
878,170000
879,475000
880,100000
881,200000
882,320000
883,190000
884,150000
885,400000
886,120000
887,195000
888,675000
889,180000
890,300000
891,370000
892,290000
893,310000
894,200000
895,345000
896,190000
897,200000
898,600000
899,400000
900,110000
901,205000
902,370000
903,120000
904,225000
905,400000
906,425000
907,265000
908,450000
909,240000
910,325000
911,300000
912,355000
913,110000
914,150000
915,335000
916,200000
917,300000
918,145000
919,200000
920,205000
921,140000
922,225000
923,180000
924,300000
925,130000
926,215000
927,180000
928,335000
929,120000
930,180000
931,265000
932,320000
933,145000
934,260000
935,310000
936,420000
937,465000
938,180000
939,315000
940,135000
941,315000
942,360000
943,275000
944,120000
945,325000
946,450000
947,550000
948,400000
949,65000
950,350000
951,265000
952,65000
953,180000
954,325000
955,325000
956,400000
957,200000
958,190000
959,365000
960,180000
961,330000
962,390000
963,240000
964,360000
965,350000
966,215000
967,600000
968,200000
969,190000
970,95000
971,205000
972,330000
973,120000
974,600000
975,350000
976,500000
977,335000
978,400000
979,180000
980,430000
981,300000
982,320000
983,230000
984,250000
985,120000
986,200000
987,1200000
988,270000
989,310000
990,180000
991,300000
992,770000
993,360000
994,210000
995,400000
996,60000
997,330000
998,105000
999,160000
1000,350000
1001,350000
1002,200000
1003,400000
1004,700000
1005,180000
1006,360000
1007,180000
1008,220000
1009,460000
1010,310000
1011,300000
1012,100000
1013,310000
1014,510000
1015,330000
1016,345000
1017,240000
1018,100000
1019,205000
1020,110000
1021,2500000
1022,220000
1023,120000
1024,185000
1025,325000
1026,525000
1027,430000
1028,340000
1029,450000
1030,180000
1031,435000
1032,180000
1033,300000
1034,200000
1035,200000
1036,180000
1037,120000
1038,215000
1039,295000
1040,300000
1041,305000
1042,325000
1043,120000
1044,300000
1045,320000
1046,320000
1047,345000
1048,150000
1049,145000
1050,730000
1051,400000
1052,180000
1053,325000
1054,420000
1055,125000
1056,300000
1057,355000
1058,95000
1059,395000
1060,230000
1061,415000
1062,215000
1063,205000
1064,500000
1065,390000
1066,180000
1067,375000
1068,200000
1069,300000
1070,335000
1071,420000
1072,200000
1073,240000
1074,120000
1075,500000
1076,310000
1077,120000
1078,290000
1079,350000
1080,325000
1081,235000
1082,325000
1083,1300000
1084,225000
1085,100000
1086,300000
1087,355000
1088,430000
1089,240000
1090,115000
1091,180000
1092,95000
1093,350000
1094,345000
1095,315000
1096,350000
1097,325000
1098,190000
1099,465000
1100,500000
1101,415000
1102,140000
1103,350000
1104,320000
1105,420000
1106,145000
1107,150000
1108,420000
1109,180000
1110,400000
1111,440000
1112,240000
1113,405000
1114,200000
1115,310000
1116,325000
1117,440000
1118,405000
1119,240000
1120,145000
1121,170000
1122,265000
1123,440000
1124,325000
1125,355000
1126,600000
1127,430000
1128,380000
1129,320000
1130,140000
1131,320000
1132,280000
1133,120000
1134,300000
1135,120000
1136,250000
1137,310000
1138,100000
1139,280000
1140,105000
1141,220000
1142,200000
1143,610000
1144,240000
1145,400000
1146,725000
1147,500000
1148,100000
1149,320000
1150,775000
1151,305000
1152,120000
1153,120000
1154,240000
1155,100000
1156,170000
1157,200000
1158,150000
1159,310000
1160,100000
1161,350000
1162,100000
1163,450000
1164,360000
1165,325000
1166,50000
1167,200000
1168,235000
1169,100000
1170,130000
1171,430000
1172,320000
1173,220000
1174,120000
1175,385000
1176,220000
1177,300000
1178,120000
1179,520000
1180,300000
1181,180000
1182,280000
1183,150000
1184,100000
1185,280000
1186,330000
1187,180000
1188,520000
1189,300000
1190,415000
1191,215000
1192,310000
1193,240000
1194,195000
1195,430000
1196,400000
1197,450000
1198,105000
1199,275000
1200,250000
1201,280000
1202,425000
1203,300000
1204,335000
1205,300000
1206,500000
1207,280000
1208,335000
1209,200000
1210,305000
1211,480000
1212,120000
1213,305000
1214,330000
1215,100000
1216,305000
1217,225000
1218,325000
1219,555000
1220,210000
1221,450000
1222,315000
1223,325000
1224,225000
1225,310000
1226,200000
1227,350000
1228,305000
1229,110000
1230,415000
1231,325000
1232,290000
1233,245000
1234,360000
1235,325000
1236,300000
1237,415000
1238,280000
1239,200000
1240,325000
1241,180000
1242,480000
1243,180000
1244,165000
1245,120000
1246,325000
1247,360000
1248,265000
1249,300000
1250,240000
1251,300000
1252,200000
1253,180000
1254,405000
1255,170000
1256,565000
1257,540000
1258,420000
1259,500000
1260,180000
1261,145000
1262,100000
1263,110000
1264,325000
1265,375000
1266,1200000
1267,515000
1268,60000
1269,150000
1270,450000
1271,175000
1272,150000
1273,415000
1274,270000
1275,325000
1276,240000
1277,100000
1278,475000
1279,680000
1280,175000
1281,325000
1282,150000
1283,140000
1284,315000
1285,335000
1286,150000
1287,240000
1288,250000
1289,180000
1290,100000
1291,245000
1292,420000
1293,325000
1294,220000
1295,500000
1296,140000
1297,300000
1298,105000
1299,265000
1300,225000
1301,70000
1302,2000000
1303,200000
1304,450000
1305,95000
1306,400000
1307,300000
1308,450000
1309,325000
1310,240000
1311,120000
1312,145000
1313,290000
1314,205000
1315,300000
1316,280000
1317,250000
1318,195000
1319,200000
1320,360000
1321,240000
1322,125000
1323,405000
1324,255000
1325,150000
1326,100000
1327,250000
1328,240000
1329,300000
1330,300000
1331,240000
1332,390000
1333,705000
1334,620000
1335,345000
1336,330000
1337,240000
1338,400000
1339,335000
1340,325000
1341,120000
1342,925000
1343,280000
1344,500000
1345,620000
1346,320000
1347,400000
1348,505000
1349,500000
1350,455000
1351,330000
1352,325000
1353,405000
1354,200000
1355,120000
1356,100000
1357,440000
1358,200000
1359,140000
1360,415000
1361,400000
1362,300000
1363,800000
1364,200000
1365,240000
1366,180000
1367,300000
1368,325000
1369,210000
1370,180000
1371,210000
1372,120000
1373,410000
1374,470000
1375,180000
1376,180000
1377,335000
1378,110000
1379,480000
1380,290000
1381,445000
1382,200000
1383,105000
1384,205000
1385,180000
1386,325000
1387,145000
1388,300000
1389,300000
1390,320000
1391,180000
1392,120000
1393,240000
1394,300000
1395,225000
1396,360000
1397,420000
1398,400000
1399,300000
1400,275000
1401,315000
1402,820000
1403,300000
1404,85000
1405,125000
1406,430000
1407,500000
1408,325000
1409,145000
1410,410000
1411,300000
1412,165000
1413,330000
1414,180000
1415,360000
1416,600000
1417,285000
1418,375000
1419,195000
1420,340000
1421,600000
1422,545000
1423,245000
1424,270000
1425,410000
1426,325000
1427,320000
1428,240000
1429,410000
1430,390000
1431,120000
1432,200000
1433,325000
1434,350000
1435,505000
1436,585000
1437,320000
1438,180000
1439,180000
1440,350000
1441,310000
1442,620000
1443,400000
1444,590000
1445,175000
1446,430000
1447,300000
1448,250000
1449,200000
1450,500000
1451,145000
1452,240000
1453,660000
1455,130000
1456,120000
1457,120000
1458,400000
1459,325000
1460,325000
1461,180000
1462,720000
1463,450000
1464,150000
1465,155000
1466,400000
1467,460000
1468,530000
1469,325000
1470,105000
1471,240000
1472,425000
1473,535000
1474,350000
1475,180000
1476,100000
1477,360000
1478,250000
1479,220000
1480,85000
1481,325000
1482,175000
1483,200000
1484,305000
1485,400000
1486,225000
1487,300000
1488,460000
1489,300000
1490,340000
1491,300000
1492,300000
1493,300000
1494,215000
1495,400000
1496,180000
1497,470000
1498,300000
1499,225000
1500,505000
1501,450000
1502,390000
1503,105000
1504,150000
1505,120000
1506,330000
1507,320000
1508,100000
1509,120000
1510,325000
1511,400000
1512,440000
1513,180000
1514,350000
1515,180000
1516,325000
1517,300000
1518,350000
1519,380000
1520,420000
1521,225000
1522,235000
1523,145000
1524,240000
1525,240000
1526,325000
1527,180000
1528,90000
1529,630000
1530,145000
1531,350000
1532,430000
1533,435000
1534,150000
1535,150000
1536,300000
1537,275000
1538,300000
1539,100000
1540,500000
1541,190000
1542,350000
1543,65000
1544,300000
1545,475000
1546,300000
1547,355000
1548,60000
1549,300000
1550,160000
1551,320000
1552,105000
1553,500000
1554,325000
1555,445000
1556,210000
1557,165000
1558,300000
1559,300000
1560,200000
1561,300000
1562,240000
1563,340000
1564,325000
1565,440000
1566,305000
1567,150000
1568,420000
1569,240000
1570,450000
1571,350000
1572,325000
1573,500000
1574,465000
1575,350000
1576,515000
1577,150000
1578,390000
1579,260000
1580,260000
1581,310000
1582,105000
1583,800000
1584,440000
1585,625000
1586,450000
1587,275000
1588,315000
1589,375000
1590,325000
1591,300000
1592,400000
1593,155000
1594,300000
1595,145000
1596,350000
1597,400000
1598,150000
1599,200000
1600,325000
1601,225000
1602,350000
1603,495000
1604,200000
1605,390000
1606,325000
1607,650000
1608,300000
1609,300000
1610,320000
1611,220000
1612,185000
1613,240000
1614,200000
1615,80000
1616,415000
1617,160000
1618,120000
1619,475000
1620,175000
1621,455000
1622,225000
1623,310000
1624,800000
1625,280000
1626,460000
1627,315000
1628,350000
1629,200000
1630,370000
1631,200000
1632,200000
1633,325000
1634,160000
1635,235000
1636,340000
1637,335000
1638,305000
1639,120000
1640,120000
1641,180000
1642,370000
1643,190000
1644,305000
1645,450000
1646,345000
1647,335000
1648,480000
1649,600000
1650,325000
1651,180000
1652,325000
1653,220000
1654,375000
1655,300000
1656,180000
1657,220000
1658,300000
1659,225000
1660,650000
1661,120000
1662,180000
1663,445000
1664,420000
1665,280000
1666,220000
1667,300000
1668,370000
1669,150000
1670,300000
1671,390000
1672,145000
1673,180000
1674,240000
1675,180000
1676,120000
1677,185000
1678,400000
1679,315000
1680,265000
1681,120000
1682,475000
1683,360000
1684,420000
1685,200000
1686,555000
1687,615000
1688,450000
1689,320000
1690,350000
1691,550000
1692,360000
1693,200000
1694,120000
1695,335000
1696,130000
1697,320000
1698,400000
1699,150000
1700,220000
1701,180000
1702,310000
1703,325000
1704,360000
1705,325000
1706,425000
1707,180000
1708,320000
1709,180000
1710,605000
1711,410000
1712,430000
1713,145000
1714,180000
1715,240000
1716,800000
1717,175000
1718,360000
1719,470000
1720,650000
1721,325000
1722,300000
1723,330000
1724,200000
1725,210000
1726,240000
1727,170000
1728,350000
1729,600000
1730,350000
1731,300000
1732,275000
1733,400000
1734,315000
1735,300000
1736,200000
1737,180000
1738,400000
1739,210000
1740,380000
1741,200000
1742,330000
1743,180000
1744,345000
1745,350000
1746,475000
1747,335000
1748,260000
1749,335000
1750,100000
1751,230000
1752,340000
1753,180000
1754,420000
1755,150000
1756,480000
1757,380000
1758,150000
1759,310000
1760,180000
1761,260000
1762,240000
1763,200000
1764,120000
1765,530000
1766,350000
1767,120000
1768,120000
1769,430000
1770,85000
1771,325000
1772,400000
1773,180000
1774,325000
1775,210000
1776,315000
1777,200000
1778,200000
1779,305000
1780,350000
1781,95000
1782,305000
1783,325000
1784,305000
1785,200000
1786,350000
1787,850000
1788,280000
1789,440000
1790,300000
1791,275000
1792,85000
1793,395000
1794,290000
1795,325000
1796,210000
1797,390000
1798,180000
1799,1300000
1800,250000
1801,120000
1802,200000
1803,150000
1804,345000
1805,320000
1806,450000
1807,340000
1808,350000
1809,400000
1810,390000
1811,325000
1812,145000
1813,120000
1814,420000
1815,130000
1816,700000
1817,310000
1818,145000
1819,370000
1820,360000
1821,340000
1822,120000
1823,300000
1824,500000
1825,305000
1826,530000
1827,240000
1828,150000
1829,520000
1830,110000
1831,600000
1832,40000
1833,570000
1834,220000
1835,290000
1836,320000
1837,180000
1838,95000
1839,95000
1840,240000
1841,320000
1842,495000
1843,355000
1844,300000
1845,200000
1846,400000
1847,360000
1848,300000
1849,450000
1850,105000
1851,290000
1852,280000
1853,325000
1854,335000
1855,325000
1856,300000
1857,210000
1858,500000
1859,180000
1860,300000
1861,335000
1862,240000
1863,400000
1864,210000
1865,205000
1866,200000
1867,180000
1868,610000
1869,200000
1870,400000
1871,620000
1872,405000
1873,335000
1874,95000
1875,205000
1876,275000
1877,280000
1878,115000
1879,335000
1880,630000
1881,305000
1882,490000
1883,240000
1884,215000
1885,370000
1886,300000
1887,350000
1888,180000
1889,200000
1890,145000
1891,120000
1892,325000
1893,360000
1894,180000
1895,550000
1896,500000
1897,415000
1898,400000
1899,360000
1900,200000
1901,275000
1902,900000
1903,120000
1904,205000
1905,315000
1906,120000
1907,240000
1908,350000
1909,470000
1910,420000
1911,345000
1912,530000
1913,320000
1914,345000
1915,360000
1916,240000
1917,240000
1918,520000
1919,340000
1920,410000
1921,550000
1922,450000
1923,200000
1924,105000
1925,100000
1926,275000
1927,205000
1928,360000
1929,450000
1930,500000
1931,640000
1932,95000
1933,410000
1934,300000
1935,295000
1936,220000
1937,445000
1938,180000
1939,165000
1940,350000
1941,240000
1942,395000
1943,400000
1944,400000
1945,400000
1946,350000
1947,140000
1948,300000
1949,560000
1950,335000
1951,470000
1952,325000
1953,265000
1954,120000
1955,180000
1956,180000
1957,365000
1958,650000
1959,120000
1960,120000
1961,650000
1962,180000
1963,300000
1964,300000
1965,580000
1966,35000
1967,340000
1968,220000
1969,380000
1970,690000
1971,430000
1972,930000
1973,120000
1974,340000
1975,145000
1976,500000
1977,220000
1978,300000
1979,120000
1980,350000
1981,180000
1982,95000
1983,645000
1984,300000
1985,280000
1986,560000
1987,120000
1988,145000
1989,655000
1990,100000
1991,350000
1992,300000
1993,180000
1994,180000
1995,425000
1996,320000
1997,430000
1998,240000
1999,100000
2000,420000
2001,315000
2002,325000
2003,645000
2004,105000
2005,400000
2006,180000
2007,300000
2008,450000
2009,200000
2010,910000
2011,360000
2012,160000
2013,100000
2014,250000
2015,450000
2016,300000
2017,370000
2018,310000
2019,240000
2020,180000
2021,265000
2022,350000
2023,280000
2024,210000
2025,230000
2026,350000
2027,100000
2028,460000
2029,450000
2030,250000
2031,160000
2032,180000
2033,350000
2034,250000
2035,310000
2036,240000
2037,200000
2038,210000
2039,350000
2040,300000
2041,145000
2042,110000
2043,300000
2044,570000
2045,300000
2046,205000
2047,325000
2048,75000
2049,320000
2050,395000
2051,305000
2052,220000
2053,655000
2054,270000
2055,120000
2056,215000
2057,400000
2058,335000
2059,160000
2060,150000
2061,100000
2062,145000
2063,385000
2064,75000
2065,400000
2066,330000
2067,450000
2068,550000
2069,480000
2070,220000
2071,335000
2072,325000
2073,215000
2074,150000
2075,115000
2076,360000
2077,1200000
2078,300000
2079,415000
2080,400000
2081,180000
2082,400000
2083,525000
2084,110000
2085,380000
2086,170000
2087,400000
2088,200000
2089,345000
2090,220000
2091,200000
2092,525000
2093,170000
2094,180000
2095,85000
2096,150000
2097,400000
2098,325000
2099,360000
2100,330000
2101,300000
2102,550000
2103,420000
2104,60000
2105,300000
2106,180000
2107,325000
2108,180000
2109,340000
2110,360000
2111,110000
2112,200000
2113,210000
2114,450000
2115,400000
2116,265000
2117,515000
2118,1300000
2119,400000
2120,450000
2121,335000
2122,125000
2123,240000
2124,340000
2125,555000
2126,300000
2127,105000
2128,300000
2129,240000
2130,350000
2131,800000
2132,335000
2133,360000
2134,400000
2135,320000
2136,450000
2137,120000
2138,195000
2139,200000
2140,105000
2141,375000
2142,610000
2143,250000
2144,155000
2145,320000
2146,240000
2147,240000
2148,300000
2149,120000
2150,335000
2151,120000
2152,750000
2153,140000
2154,180000
2155,290000
2156,320000
2157,100000
2158,300000
2159,300000
2160,550000
2161,300000
2162,180000
2163,445000
2164,270000
2165,240000
2166,105000
2167,530000
2168,350000
2169,200000
2170,400000
2171,335000
2172,105000
2173,340000
2174,530000
2175,480000
2176,470000
2177,100000
2178,675000
2179,180000
2180,225000
2181,530000
2182,130000
2183,200000
2184,350000
2185,120000
2186,105000
2187,325000
2188,160000
2189,180000
2190,330000
2191,210000
2192,240000
2193,325000
2194,375000
2195,95000
2196,100000
2197,145000
2198,540000
2199,265000
2200,385000
2201,350000
2202,100000
2203,700000
2204,240000
2205,215000
2206,440000
2207,200000
2208,200000
2209,120000
2210,265000
2211,570000
2212,100000
2213,480000
2214,720000
2215,380000
2216,200000
2217,455000
2218,350000
2219,140000
2220,460000
2221,315000
2222,300000
2223,95000
2224,350000
2225,240000
2226,180000
2227,300000
2228,800000
2229,140000
2230,300000
2231,100000
2232,300000
2233,180000
2234,2300000
2235,120000
2236,590000
2237,110000
2238,205000
2239,1800000
2240,540000
2241,360000
2242,240000
2243,450000
2244,310000
2245,150000
2246,240000
2247,600000
2248,240000
2249,145000
2250,300000
2251,550000
2252,110000
2253,330000
2254,505000
2255,335000
2256,395000
2257,300000
2258,150000
2259,330000
2260,180000
2261,300000
2262,200000
2263,105000
2264,360000
2265,460000
2266,100000
2267,150000
2268,370000
2269,180000
2270,320000
2271,300000
2272,360000
2273,105000
2274,490000
2275,350000
2276,180000
2277,150000
2278,100000
2279,335000
2280,420000
2281,235000
2282,60000
2283,610000
2284,115000
2286,180000
2287,350000
2288,250000
2289,225000
2290,145000
2291,265000
2292,205000
2293,120000
2294,340000
2295,105000
2296,280000
2297,100000
2298,200000
2299,305000
2300,120000
2301,505000
2302,300000
2303,325000
2304,1500000
2305,820000
2306,305000
2307,180000
2308,120000
2309,240000
2310,95000
2311,300000
2312,200000
2313,415000
2314,110000
2315,210000
2316,120000
2317,700000
2318,350000
2319,300000
2320,240000
2321,310000
2322,490000
2323,330000
2324,650000
2325,755000
2326,600000
2327,250000
2328,335000
2329,350000
2330,200000
2331,150000
2332,680000
2333,200000
2334,320000
2335,315000
2336,275000
2337,470000
2338,330000
2339,250000
2340,400000
2341,120000
2342,130000
2343,240000
2344,100000
2345,650000
2346,240000
2347,300000
2348,95000
2349,240000
2350,800000
2351,145000
2352,420000
2353,160000
2354,240000
2355,300000
2356,530000
2357,405000
2358,90000
2359,200000
2360,350000
2361,340000
2362,215000
2363,280000
2364,240000
2365,325000
2366,320000
2367,240000
2368,180000
2369,245000
2370,335000
2371,400000
2372,240000
2373,300000
2374,170000
2375,180000
2376,425000
2377,480000
2378,180000
2379,140000
2380,150000
2381,345000
2382,300000
2383,440000
2384,180000
2385,190000
2386,240000
2387,445000
2388,500000
2389,410000
2390,215000
2391,600000
2392,350000
2393,300000
2394,180000
2395,120000
2396,390000
2397,175000
2398,305000
2399,405000
2400,350000
2401,325000
2402,340000
2403,325000
2404,240000
2405,200000
2406,265000
2407,220000
2408,335000
2409,325000
2410,240000
2411,380000
2412,415000
2413,350000
2414,480000
2415,560000
2416,165000
2417,350000
2418,500000
2419,605000
2420,320000
2421,100000
2422,180000
2423,315000
2424,490000
2425,340000
2426,145000
2427,310000
2428,640000
2429,240000
2430,300000
2431,320000
2432,140000
2433,400000
2434,480000
2435,250000
2436,260000
2437,200000
2438,220000
2439,130000
2440,380000
2441,55000
2442,450000
2443,240000
2444,315000
2445,260000
2446,200000
2447,120000
2448,110000
2449,300000
2450,410000
2451,150000
2452,300000
2453,320000
2454,235000
2455,415000
2456,270000
2457,280000
2458,220000
2459,520000
2460,200000
2461,85000
2462,250000
2463,325000
2464,120000
2465,120000
2466,500000
2467,425000
2468,240000
2469,105000
2470,240000
2471,350000
2472,300000
2473,315000
2474,240000
2475,80000
2476,310000
2477,155000
2478,400000
2479,200000
2480,100000
2481,600000
2482,505000
2483,95000
2484,180000
2485,265000
2486,300000
2487,350000
2488,220000
2489,310000
2490,525000
2491,150000
2492,405000
2493,175000
2494,490000
2495,460000
2496,330000
2497,1100000
2498,190000
2499,325000
2500,300000
2501,325000
2502,180000
2503,120000
2504,275000
2505,40000
2506,410000
2507,100000
2508,350000
2509,50000
2510,485000
2511,240000
2512,300000
2513,330000
2514,100000
2515,275000
2516,545000
2517,120000
2518,175000
2519,120000
2520,200000
2521,180000
2522,395000
2523,600000
2524,400000
2525,340000
2526,200000
2527,180000
2528,145000
2529,205000
2530,410000
2531,150000
2532,160000
2533,495000
2534,250000
2535,600000
2536,360000
2537,225000
2538,450000
2539,150000
2540,150000
2541,205000
2542,180000
2543,300000
2544,560000
2545,655000
2546,190000
2547,215000
2548,500000
2549,95000
2550,325000
2551,50000
2552,560000
2553,230000
2554,415000
2555,100000
2556,215000
2557,180000
2558,375000
2559,380000
2560,180000
2561,95000
2562,120000
2563,325000
2564,240000
2565,110000
2566,390000
2567,450000
2568,700000
2569,360000
2570,330000
2571,210000
2572,300000
2573,435000
2574,315000
2575,50000
2576,180000
2577,305000
2578,550000
2579,300000
2580,220000
2581,325000
2582,320000
2583,345000
2584,115000
2585,180000
2586,360000
2587,310000
2588,435000
2589,325000
2590,320000
2591,205000
2592,325000
2593,600000
2594,345000
2595,325000
2596,255000
2597,100000
2598,185000
2599,300000
2600,190000
2601,120000
2602,200000
2603,180000
2604,170000
2605,370000
2606,155000
2607,200000
2608,550000
2609,195000
2610,400000
2611,200000
2612,530000
2613,325000
2614,150000
2615,375000
2616,225000
2617,120000
2618,240000
2619,375000
2620,180000
2621,520000
2622,365000
2623,130000
2624,240000
2625,520000
2626,120000
2627,110000
2628,450000
2629,325000
2630,420000
2631,95000
2632,360000
2633,320000
2634,300000
2635,325000
2636,240000
2637,420000
2638,115000
2639,180000
2640,400000
2641,360000
2642,300000
2643,390000
2644,145000
2645,320000
2646,480000
2647,330000
2648,325000
2649,630000
2650,120000
2651,205000
2652,450000
2653,350000
2654,320000
2655,120000
2656,290000
2657,315000
2658,135000
2659,330000
2660,360000
2661,315000
2662,105000
2663,200000
2664,250000
2665,410000
2666,340000
2667,325000
2668,315000
2669,255000
2670,180000
2671,360000
2672,250000
2673,250000
2674,300000
2675,170000
2676,120000
2677,405000
2678,400000
2679,280000
2680,240000
2681,300000
2682,345000
2683,300000
2684,200000
2685,305000
2686,180000
2687,330000
2688,325000
2689,60000
2690,445000
2691,300000
2692,400000
2693,125000
2694,400000
2695,330000
2696,260000
2697,240000
2698,145000
2699,450000
2700,120000
2701,180000
2702,250000
2703,335000
2704,315000
2705,420000
2706,600000
2707,275000
2708,80000
2709,360000
2710,325000
2711,215000
2712,445000
2713,95000
2714,445000
2715,430000
2716,105000
2717,340000
2718,210000
2719,200000
2720,335000
2721,325000
2722,310000
2723,240000
2724,180000
2725,180000
2726,110000
2727,95000
2728,325000
2729,120000
2730,505000
2731,180000
2732,100000
2733,1000000
2734,450000
2735,145000
2736,460000
2737,250000
2738,200000
2739,370000
2740,200000
2741,325000
2742,160000
2743,150000
2744,210000
2745,450000
2746,145000
2747,300000
2748,700000
2749,230000
2750,280000
2751,180000
2752,85000
2753,700000
2754,140000
2755,550000
2756,365000
2757,300000
2758,170000
2759,435000
2760,350000
2761,120000
2762,200000
2763,500000
2764,125000
2765,315000
2766,335000
2767,430000
2768,280000
2769,250000
2770,170000
2771,550000
2772,150000
2773,430000
2774,195000
2775,190000
2776,250000
2777,200000
2778,130000
2779,430000
2780,200000
2781,225000
2782,450000
2783,310000
2784,360000
2785,155000
2786,340000
2787,215000
2788,100000
2789,310000
2790,480000
2791,180000
2792,450000
2793,205000
2794,120000
2795,280000
2796,200000
2797,105000
2798,350000
2799,450000
2800,470000
2801,440000
2802,355000
2803,420000
2804,300000
2805,300000
2806,105000
2807,100000
2808,35000
2809,380000
2810,250000
2811,250000
2812,110000
2813,500000
2814,100000
2815,460000
2816,385000
2817,400000
2818,600000
2819,200000
2820,325000
2821,180000
2822,100000
2823,480000
2824,120000
2825,300000
2826,405000
2827,105000
2828,110000
2829,405000
2830,240000
2831,325000
2832,280000
2833,180000
2834,120000
2835,180000
2836,310000
2837,330000
2838,430000
2839,285000
2840,90000
2841,210000
2842,325000
2843,200000
2844,555000
2845,350000
2846,310000
2847,140000
2848,300000
2849,400000
2850,205000
2851,535000
2852,100000
2853,275000
2854,300000
2855,570000
2856,320000
2857,120000
2858,180000
2859,215000
2860,460000
2861,325000
2862,320000
2863,80000
2864,515000
2865,280000
2866,185000
2867,400000
2868,180000
2869,100000
2870,320000
2871,95000
2872,350000
2873,100000
2874,110000
2875,85000
2876,200000
2877,180000
2878,530000
2879,395000
2880,415000
2881,315000
2882,225000
2883,180000
2884,120000
2885,325000
2886,215000
2887,305000
2888,165000
2889,100000
2890,300000
2891,350000
2892,490000
2893,315000
2894,200000
2895,70000
2896,210000
2897,350000
2898,715000
2899,250000
2900,70000
2901,325000
2902,300000
2903,820000
2904,335000
2905,380000
2906,350000
2907,335000
2908,320000
2909,305000
2910,310000
2911,185000
2912,180000
2913,165000
2914,180000
2915,120000
2916,110000
2917,225000
2918,200000
2919,90000
2920,340000
2921,335000
2922,500000
2923,360000
2924,180000
2925,300000
2926,505000
2927,510000
2928,280000
2929,285000
2930,400000
2931,100000
2932,500000
2933,370000
2934,420000
2935,325000
2936,200000
2937,140000
2938,60000
2939,300000
2940,210000
2941,240000
2942,300000
2943,400000
2944,520000
2945,200000
2946,240000
2947,550000
2948,630000
2949,150000
2950,420000
2951,250000
2952,350000
2953,560000
2955,145000
2956,360000
2957,345000
2958,120000
2959,360000
2960,500000
2961,320000
2962,180000
2963,440000
2964,150000
2965,120000
2966,390000
2967,180000
2968,600000
2969,380000
2970,380000
2971,415000
2972,425000
2973,200000
2974,105000
2975,470000
2976,375000
2977,575000
2978,420000
2979,300000
2980,500000
2981,445000
2982,400000
2983,120000
2984,120000
2985,385000
2986,530000
2987,200000
